# Camera list with one line of data per camera:
#   CAMERA_ID, MODEL, WIDTH, HEIGHT, PARAMS[]
# Number of cameras: 1608
1801 SIMPLE_RADIAL 1080 1920 1532.5 540 960 -0.00824577
1800 SIMPLE_RADIAL 1080 1920 1533.4 540 960 -0.0100039
1799 SIMPLE_RADIAL 1080 1920 1531.07 540 960 -0.00680858
1798 SIMPLE_RADIAL 1080 1920 1532.19 540 960 -0.00926214
1797 SIMPLE_RADIAL 1080 1920 1532.2 540 960 -0.00951553
1796 SIMPLE_RADIAL 1080 1920 1532.39 540 960 -0.00940046
1795 SIMPLE_RADIAL 1080 1920 1534.96 540 960 -0.0120902
1794 SIMPLE_RADIAL 1080 1920 1534.91 540 960 -0.011805
1793 SIMPLE_RADIAL 1080 1920 1533.3 540 960 -0.00999179
1792 SIMPLE_RADIAL 1080 1920 1532.14 540 960 -0.00726967
1791 SIMPLE_RADIAL 1080 1920 1534.09 540 960 -0.0105087
1790 SIMPLE_RADIAL 1080 1920 1533.92 540 960 -0.00947764
1789 SIMPLE_RADIAL 1080 1920 1532.97 540 960 -0.00888058
1788 SIMPLE_RADIAL 1080 1920 1532.29 540 960 -0.00760595
1787 SIMPLE_RADIAL 1080 1920 1531.03 540 960 -0.00640542
1786 SIMPLE_RADIAL 1080 1920 1528.66 540 960 -0.00497292
1785 SIMPLE_RADIAL 1080 1920 1533.04 540 960 -0.0100481
1784 SIMPLE_RADIAL 1080 1920 1535.96 540 960 -0.0134312
1783 SIMPLE_RADIAL 1080 1920 1528 540 960 -0.00383339
1782 SIMPLE_RADIAL 1080 1920 1527.68 540 960 -0.00573026
1781 SIMPLE_RADIAL 1080 1920 1533.49 540 960 -0.0119376
1780 SIMPLE_RADIAL 1080 1920 1537.23 540 960 -0.014133
1779 SIMPLE_RADIAL 1080 1920 1529.73 540 960 -0.00595673
1778 SIMPLE_RADIAL 1080 1920 1531.41 540 960 -0.00931989
1777 SIMPLE_RADIAL 1080 1920 1530.63 540 960 -0.00970357
1776 SIMPLE_RADIAL 1080 1920 1530.81 540 960 -0.00832148
1775 SIMPLE_RADIAL 1080 1920 1532.33 540 960 -0.00992795
1774 SIMPLE_RADIAL 1080 1920 1528.68 540 960 -0.00399429
1773 SIMPLE_RADIAL 1080 1920 1532.23 540 960 -0.00929001
1772 SIMPLE_RADIAL 1080 1920 1529.24 540 960 -0.00765773
1771 SIMPLE_RADIAL 1080 1920 1528.6 540 960 -0.00762963
1770 SIMPLE_RADIAL 1080 1920 1524.66 540 960 -0.00710754
1769 SIMPLE_RADIAL 1080 1920 1526.3 540 960 -0.00453414
1768 SIMPLE_RADIAL 1080 1920 1528.88 540 960 -0.00697347
1767 SIMPLE_RADIAL 1080 1920 1530.05 540 960 -0.00820268
1766 SIMPLE_RADIAL 1080 1920 1526.85 540 960 0.000644447
1765 SIMPLE_RADIAL 1080 1920 1534.28 540 960 -0.016849
1764 SIMPLE_RADIAL 1080 1920 1537.66 540 960 -0.00998027
1763 SIMPLE_RADIAL 1080 1920 1534.73 540 960 0.00729502
1762 SIMPLE_RADIAL 1080 1920 1532.08 540 960 0.0274193
1761 SIMPLE_RADIAL 1080 1920 1545.16 540 960 -0.00836702
1760 SIMPLE_RADIAL 1080 1920 1545.22 540 960 0.00402817
1759 SIMPLE_RADIAL 1080 1920 1544.73 540 960 0.0111434
1758 SIMPLE_RADIAL 1080 1920 1369 540 960 0.00555618
1757 SIMPLE_RADIAL 1080 1920 1540.23 540 960 -0.00249157
1756 SIMPLE_RADIAL 1080 1920 1551.64 540 960 0.0106823
1755 SIMPLE_RADIAL 1080 1920 1554.78 540 960 0.00736505
1754 SIMPLE_RADIAL 1080 1920 1556.96 540 960 -0.0240007
1753 SIMPLE_RADIAL 1080 1920 1524.53 540 960 -0.00215676
1752 SIMPLE_RADIAL 1080 1920 1512.25 540 960 0.0211777
1751 SIMPLE_RADIAL 1080 1920 1532.03 540 960 0.0134503
1750 SIMPLE_RADIAL 1080 1920 1538.75 540 960 0.021104
1749 SIMPLE_RADIAL 1080 1920 1540.22 540 960 0.0267572
1748 SIMPLE_RADIAL 1080 1920 1537.96 540 960 0.0280575
1747 SIMPLE_RADIAL 1080 1920 1537.5 540 960 0.0318507
1746 SIMPLE_RADIAL 1080 1920 1538.82 540 960 0.0284447
1745 SIMPLE_RADIAL 1080 1920 1535.9 540 960 0.0272802
1744 SIMPLE_RADIAL 1080 1920 1534.04 540 960 0.0287276
1743 SIMPLE_RADIAL 1080 1920 1535.02 540 960 0.0198814
1742 SIMPLE_RADIAL 1080 1920 1528.49 540 960 0.0219402
1741 SIMPLE_RADIAL 1080 1920 1533.93 540 960 0.00942562
1740 SIMPLE_RADIAL 1080 1920 1531.38 540 960 0.00771955
1739 SIMPLE_RADIAL 1080 1920 1534.18 540 960 0.00950682
1738 SIMPLE_RADIAL 1080 1920 1535.52 540 960 0.0144254
1737 SIMPLE_RADIAL 1080 1920 1536.39 540 960 0.0179761
1736 SIMPLE_RADIAL 1080 1920 1539.32 540 960 0.0186223
1735 SIMPLE_RADIAL 1080 1920 1537.95 540 960 0.0194769
1734 SIMPLE_RADIAL 1080 1920 1539.34 540 960 0.0208291
1733 SIMPLE_RADIAL 1080 1920 1536.95 540 960 0.0179752
1732 SIMPLE_RADIAL 1080 1920 1536.64 540 960 0.015938
1731 SIMPLE_RADIAL 1080 1920 1537.11 540 960 0.0135074
1730 SIMPLE_RADIAL 1080 1920 1533.18 540 960 0.0116236
1729 SIMPLE_RADIAL 1080 1920 1533.71 540 960 0.0102254
1728 SIMPLE_RADIAL 1080 1920 1532.88 540 960 0.0119521
1727 SIMPLE_RADIAL 1080 1920 1534.08 540 960 0.0199163
1726 SIMPLE_RADIAL 1080 1920 1533.36 540 960 0.0285431
1725 SIMPLE_RADIAL 1080 1920 1531.1 540 960 0.0270202
1724 SIMPLE_RADIAL 1080 1920 1537.81 540 960 0.0315283
1723 SIMPLE_RADIAL 1080 1920 1538.49 540 960 0.0271371
1722 SIMPLE_RADIAL 1080 1920 1545.52 540 960 0.0279057
1721 SIMPLE_RADIAL 1080 1920 1530.06 540 960 0.00962615
1720 SIMPLE_RADIAL 1080 1920 1524.7 540 960 0.0119678
1719 SIMPLE_RADIAL 1080 1920 1529.9 540 960 0.0156571
1718 SIMPLE_RADIAL 1080 1920 1532.42 540 960 0.0161651
1717 SIMPLE_RADIAL 1080 1920 1532.31 540 960 0.0143553
1716 SIMPLE_RADIAL 1080 1920 1531.28 540 960 0.0125201
1715 SIMPLE_RADIAL 1080 1920 1526.08 540 960 0.0145655
1714 SIMPLE_RADIAL 1080 1920 1527.8 540 960 0.0174995
1713 SIMPLE_RADIAL 1080 1920 1529.57 540 960 0.0197873
1712 SIMPLE_RADIAL 1080 1920 1531.79 540 960 0.0227197
1711 SIMPLE_RADIAL 1080 1920 1531.93 540 960 0.0201701
1710 SIMPLE_RADIAL 1080 1920 1535.33 540 960 0.0285282
1709 SIMPLE_RADIAL 1080 1920 1537.03 540 960 0.0289561
1708 SIMPLE_RADIAL 1080 1920 1538.38 540 960 0.0211395
1707 SIMPLE_RADIAL 1080 1920 1526.22 540 960 0.0148145
1706 SIMPLE_RADIAL 1080 1920 1523.59 540 960 0.0129133
1705 SIMPLE_RADIAL 1080 1920 1521.51 540 960 0.0149439
1704 SIMPLE_RADIAL 1080 1920 1526.8 540 960 0.0105526
1703 SIMPLE_RADIAL 1080 1920 1543.94 540 960 0.0153692
1702 SIMPLE_RADIAL 1080 1920 1548.89 540 960 0.0149408
1701 SIMPLE_RADIAL 1080 1920 1547.58 540 960 0.0208502
1700 SIMPLE_RADIAL 1080 1920 1544.97 540 960 0.0199239
1699 SIMPLE_RADIAL 1080 1920 1555.84 540 960 0.0136116
1698 SIMPLE_RADIAL 1080 1920 1541.37 540 960 0.00642999
1697 SIMPLE_RADIAL 1080 1920 1538.91 540 960 0.0040468
1696 SIMPLE_RADIAL 1080 1920 1538.09 540 960 0.00975486
1695 SIMPLE_RADIAL 1080 1920 1525 540 960 0.00997983
1694 SIMPLE_RADIAL 1080 1920 1523.33 540 960 0.0049044
1693 SIMPLE_RADIAL 1080 1920 1527.72 540 960 0.0160882
1692 SIMPLE_RADIAL 1080 1920 1527.71 540 960 0.0111397
1691 SIMPLE_RADIAL 1080 1920 1527.16 540 960 0.0109394
1689 SIMPLE_RADIAL 1080 1920 1526.7 540 960 0.0125176
1687 SIMPLE_RADIAL 1080 1920 1526.32 540 960 0.0128638
1685 SIMPLE_RADIAL 1080 1920 1521.4 540 960 0.0193873
1683 SIMPLE_RADIAL 1080 1920 1522.93 540 960 0.0277222
1681 SIMPLE_RADIAL 1080 1920 1523.28 540 960 0.0379889
715 SIMPLE_RADIAL 1080 1920 1542.82 540 960 0.0352851
714 SIMPLE_RADIAL 1080 1920 1564.14 540 960 0.034255
713 SIMPLE_RADIAL 1080 1920 1500.08 540 960 0.030866
711 SIMPLE_RADIAL 1080 1920 1515.11 540 960 0.00739306
710 SIMPLE_RADIAL 1080 1920 1524.38 540 960 0.0296215
709 SIMPLE_RADIAL 1080 1920 1517.46 540 960 0.0307576
708 SIMPLE_RADIAL 1080 1920 1508.57 540 960 0.0267731
707 SIMPLE_RADIAL 1080 1920 1507.34 540 960 -0.000735439
706 SIMPLE_RADIAL 1080 1920 1583 540 960 0.0135501
705 SIMPLE_RADIAL 1080 1920 1541.77 540 960 0.0427126
704 SIMPLE_RADIAL 1080 1920 1453.51 540 960 0.0153205
703 SIMPLE_RADIAL 1080 1920 1513.48 540 960 0.0325804
702 SIMPLE_RADIAL 1080 1920 1580.03 540 960 0.0157616
701 SIMPLE_RADIAL 1080 1920 1523.5 540 960 0.0333034
700 SIMPLE_RADIAL 1080 1920 1518.04 540 960 0.0252853
699 SIMPLE_RADIAL 1080 1920 1499.91 540 960 0.0118499
698 SIMPLE_RADIAL 1080 1920 1600.22 540 960 0.00333614
697 SIMPLE_RADIAL 1080 1920 1499.61 540 960 0.0317058
696 SIMPLE_RADIAL 1080 1920 1514.85 540 960 0.025593
695 SIMPLE_RADIAL 1080 1920 1515.57 540 960 0.0451929
694 SIMPLE_RADIAL 1080 1920 1546.55 540 960 0.000614964
693 SIMPLE_RADIAL 1080 1920 1502.25 540 960 0.0248614
692 SIMPLE_RADIAL 1080 1920 1503.72 540 960 0.0441399
691 SIMPLE_RADIAL 1080 1920 1530.17 540 960 0.0599961
690 SIMPLE_RADIAL 1080 1920 1501.75 540 960 -0.000910902
689 SIMPLE_RADIAL 1080 1920 1516.41 540 960 0.00460697
688 SIMPLE_RADIAL 1080 1920 1507.54 540 960 0.0398408
687 SIMPLE_RADIAL 1080 1920 1537.7 540 960 0.0455741
686 SIMPLE_RADIAL 1080 1920 1489.8 540 960 0.00391681
685 SIMPLE_RADIAL 1080 1920 1523.63 540 960 0.00317525
684 SIMPLE_RADIAL 1080 1920 1527.95 540 960 0.0280289
683 SIMPLE_RADIAL 1080 1920 1514.77 540 960 0.0242921
682 SIMPLE_RADIAL 1080 1920 1493.91 540 960 0.0181424
681 SIMPLE_RADIAL 1080 1920 1508.58 540 960 0.0265103
680 SIMPLE_RADIAL 1080 1920 1520.97 540 960 0.0325128
679 SIMPLE_RADIAL 1080 1920 1522.5 540 960 0.0220734
678 SIMPLE_RADIAL 1080 1920 1486.66 540 960 0.0198466
677 SIMPLE_RADIAL 1080 1920 1540.64 540 960 0.0059043
676 SIMPLE_RADIAL 1080 1920 1514.74 540 960 0.0281786
675 SIMPLE_RADIAL 1080 1920 1515.63 540 960 0.031102
674 SIMPLE_RADIAL 1080 1920 1592.84 540 960 0.0292473
673 SIMPLE_RADIAL 1080 1920 1518.85 540 960 0.0026659
672 SIMPLE_RADIAL 1080 1920 1518.24 540 960 0.0220452
671 SIMPLE_RADIAL 1080 1920 1517.76 540 960 0.0197587
670 SIMPLE_RADIAL 1080 1920 1495.24 540 960 0.0167462
669 SIMPLE_RADIAL 1080 1920 1518.36 540 960 0.00286864
668 SIMPLE_RADIAL 1080 1920 1519.53 540 960 0.0249339
667 SIMPLE_RADIAL 1080 1920 1518.6 540 960 0.0207695
666 SIMPLE_RADIAL 1080 1920 1486.71 540 960 0.0160499
665 SIMPLE_RADIAL 1080 1920 1521.28 540 960 0.00778801
664 SIMPLE_RADIAL 1080 1920 1525.32 540 960 0.021629
663 SIMPLE_RADIAL 1080 1920 1519.48 540 960 0.0216904
662 SIMPLE_RADIAL 1080 1920 1602.81 540 960 0.0322548
661 SIMPLE_RADIAL 1080 1920 1540.26 540 960 0.00791456
660 SIMPLE_RADIAL 1080 1920 1522.35 540 960 0.0236144
659 SIMPLE_RADIAL 1080 1920 1520.54 540 960 0.0186298
658 SIMPLE_RADIAL 1080 1920 1498.37 540 960 0.0141898
657 SIMPLE_RADIAL 1080 1920 1518.89 540 960 0.00884309
656 SIMPLE_RADIAL 1080 1920 1520.32 540 960 0.0226887
655 SIMPLE_RADIAL 1080 1920 1516.45 540 960 0.0228833
654 SIMPLE_RADIAL 1080 1920 1622.56 540 960 0.0235993
653 SIMPLE_RADIAL 1080 1920 1528.39 540 960 0.0128305
652 SIMPLE_RADIAL 1080 1920 1516.2 540 960 0.0276629
651 SIMPLE_RADIAL 1080 1920 1517.05 540 960 0.0267127
650 SIMPLE_RADIAL 1080 1920 1512.25 540 960 0.000451866
649 SIMPLE_RADIAL 1080 1920 1520.09 540 960 0.00834044
648 SIMPLE_RADIAL 1080 1920 1523.82 540 960 0.030611
647 SIMPLE_RADIAL 1080 1920 1516.31 540 960 0.0181359
646 SIMPLE_RADIAL 1080 1920 1646.56 540 960 0.0471511
645 SIMPLE_RADIAL 1080 1920 1526.44 540 960 0.0249737
644 SIMPLE_RADIAL 1080 1920 1517.99 540 960 0.0256361
643 SIMPLE_RADIAL 1080 1920 1517.92 540 960 0.0309093
642 SIMPLE_RADIAL 1080 1920 1540.96 540 960 0.0167588
641 SIMPLE_RADIAL 1080 1920 1529.66 540 960 0.0308187
640 SIMPLE_RADIAL 1080 1920 1508.79 540 960 0.024964
639 SIMPLE_RADIAL 1080 1920 1515.93 540 960 0.0245524
638 SIMPLE_RADIAL 1080 1920 1485.13 540 960 0.01616
637 SIMPLE_RADIAL 1080 1920 1533.97 540 960 0.0356872
636 SIMPLE_RADIAL 1080 1920 1520.12 540 960 0.00898219
635 SIMPLE_RADIAL 1080 1920 1516.74 540 960 0.0280108
634 SIMPLE_RADIAL 1080 1920 1503.89 540 960 0.0188487
633 SIMPLE_RADIAL 1080 1920 1531.21 540 960 0.0282108
632 SIMPLE_RADIAL 1080 1920 1511.78 540 960 0.0298511
631 SIMPLE_RADIAL 1080 1920 1514.59 540 960 0.0301569
630 SIMPLE_RADIAL 1080 1920 1497.54 540 960 0.0222643
629 SIMPLE_RADIAL 1080 1920 1511.9 540 960 0.0120513
628 SIMPLE_RADIAL 1080 1920 1516.42 540 960 0.027375
627 SIMPLE_RADIAL 1080 1920 1506.79 540 960 0.02552
626 SIMPLE_RADIAL 1080 1920 1532.65 540 960 0.0341758
625 SIMPLE_RADIAL 1080 1920 1530.19 540 960 0.0060988
624 SIMPLE_RADIAL 1080 1920 1503.66 540 960 0.0356617
623 SIMPLE_RADIAL 1080 1920 1504.51 540 960 0.0223673
622 SIMPLE_RADIAL 1080 1920 1538.32 540 960 0.0515676
621 SIMPLE_RADIAL 1080 1920 1530.09 540 960 0.0108963
620 SIMPLE_RADIAL 1080 1920 1506.02 540 960 0.0363232
619 SIMPLE_RADIAL 1080 1920 1498.53 540 960 0.0306547
618 SIMPLE_RADIAL 1080 1920 1541.41 540 960 0.0405923
617 SIMPLE_RADIAL 1080 1920 1527.2 540 960 0.0115711
616 SIMPLE_RADIAL 1080 1920 1518.27 540 960 0.0303547
615 SIMPLE_RADIAL 1080 1920 1507.57 540 960 0.0390363
614 SIMPLE_RADIAL 1080 1920 1511.7 540 960 0.0254689
613 SIMPLE_RADIAL 1080 1920 1519.47 540 960 0.0117634
612 SIMPLE_RADIAL 1080 1920 1528.64 540 960 0.0363833
611 SIMPLE_RADIAL 1080 1920 1533.45 540 960 0.0634219
610 SIMPLE_RADIAL 1080 1920 1515.44 540 960 0.0280888
609 SIMPLE_RADIAL 1080 1920 1525.35 540 960 0.0172301
608 SIMPLE_RADIAL 1080 1920 1535.5 540 960 0.0407418
607 SIMPLE_RADIAL 1080 1920 1530.45 540 960 0.0617592
606 SIMPLE_RADIAL 1080 1920 1514.69 540 960 0.023147
605 SIMPLE_RADIAL 1080 1920 1527.87 540 960 0.0122068
604 SIMPLE_RADIAL 1080 1920 1510.43 540 960 0.0232027
603 SIMPLE_RADIAL 1080 1920 1534.38 540 960 0.104663
602 SIMPLE_RADIAL 1080 1920 1487.31 540 960 0.0198596
601 SIMPLE_RADIAL 1080 1920 1522.92 540 960 0.0215328
600 SIMPLE_RADIAL 1080 1920 1488.8 540 960 0.0171802
599 SIMPLE_RADIAL 1080 1920 1530.7 540 960 0.052709
598 SIMPLE_RADIAL 1080 1920 1480.81 540 960 0.0250905
597 SIMPLE_RADIAL 1080 1920 1526.88 540 960 0.0223106
596 SIMPLE_RADIAL 1080 1920 1540.09 540 960 0.0422207
595 SIMPLE_RADIAL 1080 1920 1520.83 540 960 0.0286918
594 SIMPLE_RADIAL 1080 1920 1488.79 540 960 0.024278
593 SIMPLE_RADIAL 1080 1920 1517.6 540 960 0.0271542
592 SIMPLE_RADIAL 1080 1920 1516.6 540 960 0.0326169
591 SIMPLE_RADIAL 1080 1920 1516.66 540 960 0.0187671
590 SIMPLE_RADIAL 1080 1920 1505.21 540 960 0.0265982
589 SIMPLE_RADIAL 1080 1920 1518.78 540 960 0.0323955
588 SIMPLE_RADIAL 1080 1920 1516.15 540 960 0.0247697
587 SIMPLE_RADIAL 1080 1920 1515.91 540 960 0.0239749
586 SIMPLE_RADIAL 1080 1920 1508.77 540 960 0.0267236
585 SIMPLE_RADIAL 1080 1920 1496.56 540 960 0.0155813
584 SIMPLE_RADIAL 1080 1920 1513.72 540 960 0.0276916
583 SIMPLE_RADIAL 1080 1920 1521.89 540 960 0.0273255
582 SIMPLE_RADIAL 1080 1920 1518.18 540 960 0.0322158
581 SIMPLE_RADIAL 1080 1920 1516.43 540 960 0.0175839
580 SIMPLE_RADIAL 1080 1920 1525.51 540 960 0.0238768
579 SIMPLE_RADIAL 1080 1920 1522.12 540 960 0.0208912
578 SIMPLE_RADIAL 1080 1920 1516.02 540 960 0.027167
577 SIMPLE_RADIAL 1080 1920 1513.22 540 960 0.0148034
576 SIMPLE_RADIAL 1080 1920 1512.17 540 960 0.026738
575 SIMPLE_RADIAL 1080 1920 1514.61 540 960 0.0186348
574 SIMPLE_RADIAL 1080 1920 1506.82 540 960 0.0327568
573 SIMPLE_RADIAL 1080 1920 1538.64 540 960 0.0344311
572 SIMPLE_RADIAL 1080 1920 1510.01 540 960 0.0313623
571 SIMPLE_RADIAL 1080 1920 1519.93 540 960 0.0178491
570 SIMPLE_RADIAL 1080 1920 1438.79 540 960 0.0342236
569 SIMPLE_RADIAL 1080 1920 1514.28 540 960 0.0142144
568 SIMPLE_RADIAL 1080 1920 1484.23 540 960 0.0266655
567 SIMPLE_RADIAL 1080 1920 1518.81 540 960 0.0203465
566 SIMPLE_RADIAL 1080 1920 1514.54 540 960 0.0365688
565 SIMPLE_RADIAL 1080 1920 1518.95 540 960 0.0127162
564 SIMPLE_RADIAL 1080 1920 1508.5 540 960 0.0289545
563 SIMPLE_RADIAL 1080 1920 1520.53 540 960 0.0273987
562 SIMPLE_RADIAL 1080 1920 1504.48 540 960 0.0539222
561 SIMPLE_RADIAL 1080 1920 1519.17 540 960 0.0177069
560 SIMPLE_RADIAL 1080 1920 1521.01 540 960 0.0260975
559 SIMPLE_RADIAL 1080 1920 1498.43 540 960 0.017367
558 SIMPLE_RADIAL 1080 1920 1507.69 540 960 0.045616
557 SIMPLE_RADIAL 1080 1920 1516.98 540 960 0.0133129
556 SIMPLE_RADIAL 1080 1920 1516.73 540 960 0.0293275
555 SIMPLE_RADIAL 1080 1920 1516.18 540 960 0.0289941
554 SIMPLE_RADIAL 1080 1920 1518.3 540 960 0.052304
553 SIMPLE_RADIAL 1080 1920 1516.62 540 960 0.0128299
552 SIMPLE_RADIAL 1080 1920 1507.64 540 960 0.0326645
551 SIMPLE_RADIAL 1080 1920 1519.22 540 960 0.0317195
550 SIMPLE_RADIAL 1080 1920 1518.74 540 960 0.0445004
549 SIMPLE_RADIAL 1080 1920 1525.48 540 960 0.0272819
548 SIMPLE_RADIAL 1080 1920 1509.61 540 960 0.0326385
547 SIMPLE_RADIAL 1080 1920 1518.09 540 960 0.0290082
546 SIMPLE_RADIAL 1080 1920 1506.57 540 960 0.0508309
545 SIMPLE_RADIAL 1080 1920 1514.55 540 960 0.0148348
544 SIMPLE_RADIAL 1080 1920 1510.78 540 960 0.0347663
543 SIMPLE_RADIAL 1080 1920 1517.83 540 960 0.0228961
542 SIMPLE_RADIAL 1080 1920 1526.97 540 960 0.0648636
541 SIMPLE_RADIAL 1080 1920 1516.95 540 960 0.0204017
540 SIMPLE_RADIAL 1080 1920 1516.64 540 960 0.0374291
539 SIMPLE_RADIAL 1080 1920 1511.82 540 960 0.0332163
538 SIMPLE_RADIAL 1080 1920 1524.34 540 960 0.0480446
537 SIMPLE_RADIAL 1080 1920 1523.25 540 960 0.0282597
536 SIMPLE_RADIAL 1080 1920 1511.45 540 960 0.0277794
535 SIMPLE_RADIAL 1080 1920 1523.54 540 960 0.0399278
534 SIMPLE_RADIAL 1080 1920 1552.93 540 960 0.0355708
533 SIMPLE_RADIAL 1080 1920 1526.49 540 960 0.0302228
532 SIMPLE_RADIAL 1080 1920 1517.58 540 960 0.0305364
531 SIMPLE_RADIAL 1080 1920 1536.37 540 960 0.0300957
530 SIMPLE_RADIAL 1080 1920 1516.7 540 960 0.0113109
529 SIMPLE_RADIAL 1080 1920 1525.51 540 960 0.0322679
528 SIMPLE_RADIAL 1080 1920 1507.16 540 960 0.0332152
527 SIMPLE_RADIAL 1080 1920 1517.11 540 960 0.0223669
526 SIMPLE_RADIAL 1080 1920 1503.09 540 960 0.0145815
525 SIMPLE_RADIAL 1080 1920 1530.23 540 960 0.0342182
524 SIMPLE_RADIAL 1080 1920 1525.78 540 960 0.0339759
523 SIMPLE_RADIAL 1080 1920 1525.02 540 960 0.0313879
522 SIMPLE_RADIAL 1080 1920 1504.57 540 960 0.0124071
521 SIMPLE_RADIAL 1080 1920 1522.71 540 960 0.027266
520 SIMPLE_RADIAL 1080 1920 1513.13 540 960 0.0229671
519 SIMPLE_RADIAL 1080 1920 1539.52 540 960 0.0351387
518 SIMPLE_RADIAL 1080 1920 1514.21 540 960 0.0418408
517 SIMPLE_RADIAL 1080 1920 1517.52 540 960 0.012288
516 SIMPLE_RADIAL 1080 1920 1495.83 540 960 0.0244505
515 SIMPLE_RADIAL 1080 1920 1542.94 540 960 0.0238079
514 SIMPLE_RADIAL 1080 1920 1511.57 540 960 0.040949
513 SIMPLE_RADIAL 1080 1920 1525.51 540 960 0.0281125
512 SIMPLE_RADIAL 1080 1920 1555.37 540 960 0.0428371
511 SIMPLE_RADIAL 1080 1920 1545.21 540 960 0.0253157
510 SIMPLE_RADIAL 1080 1920 1512.57 540 960 0.0416611
509 SIMPLE_RADIAL 1080 1920 1519.97 540 960 0.021501
508 SIMPLE_RADIAL 1080 1920 1529.45 540 960 0.00958538
507 SIMPLE_RADIAL 1080 1920 1520.38 540 960 0.0132114
506 SIMPLE_RADIAL 1080 1920 1530.74 540 960 0.0340492
505 SIMPLE_RADIAL 1080 1920 1507.69 540 960 0.0244899
504 SIMPLE_RADIAL 1080 1920 1533.8 540 960 0.0118793
503 SIMPLE_RADIAL 1080 1920 1538.49 540 960 0.0185092
502 SIMPLE_RADIAL 1080 1920 1534.63 540 960 0.0347189
501 SIMPLE_RADIAL 1080 1920 1520.14 540 960 0.0179358
500 SIMPLE_RADIAL 1080 1920 1518.43 540 960 0.0178904
499 SIMPLE_RADIAL 1080 1920 1528.39 540 960 0.0109116
498 SIMPLE_RADIAL 1080 1920 1518.32 540 960 0.022298
497 SIMPLE_RADIAL 1080 1920 1522.51 540 960 0.0195875
496 SIMPLE_RADIAL 1080 1920 1524.2 540 960 0.00939713
495 SIMPLE_RADIAL 1080 1920 1524.68 540 960 0.00681972
494 SIMPLE_RADIAL 1080 1920 1526.28 540 960 0.0199792
493 SIMPLE_RADIAL 1080 1920 1518.78 540 960 0.0263172
492 SIMPLE_RADIAL 1080 1920 1524.27 540 960 0.0114918
491 SIMPLE_RADIAL 1080 1920 1519.86 540 960 0.0192636
490 SIMPLE_RADIAL 1080 1920 1513.79 540 960 0.0244019
489 SIMPLE_RADIAL 1080 1920 1505.32 540 960 0.0296421
488 SIMPLE_RADIAL 1080 1920 1514.15 540 960 0.0164108
487 SIMPLE_RADIAL 1080 1920 1512.04 540 960 0.0202317
486 SIMPLE_RADIAL 1080 1920 1525.09 540 960 0.0240487
485 SIMPLE_RADIAL 1080 1920 1521.38 540 960 0.0283482
484 SIMPLE_RADIAL 1080 1920 1520.9 540 960 0.0267505
483 SIMPLE_RADIAL 1080 1920 1517.3 540 960 0.0164914
482 SIMPLE_RADIAL 1080 1920 1524.53 540 960 0.0262725
481 SIMPLE_RADIAL 1080 1920 1524.7 540 960 0.0368309
480 SIMPLE_RADIAL 1080 1920 1520.16 540 960 0.0153471
479 SIMPLE_RADIAL 1080 1920 1523.53 540 960 0.0159559
478 SIMPLE_RADIAL 1080 1920 1521.43 540 960 0.0241492
477 SIMPLE_RADIAL 1080 1920 1518.61 540 960 0.030928
476 SIMPLE_RADIAL 1080 1920 1524.96 540 960 0.0158395
475 SIMPLE_RADIAL 1080 1920 1517.16 540 960 0.000507891
474 SIMPLE_RADIAL 1080 1920 1518.99 540 960 0.0290195
473 SIMPLE_RADIAL 1080 1920 1520.9 540 960 0.0169517
472 SIMPLE_RADIAL 1080 1920 1531.59 540 960 0.0119907
471 SIMPLE_RADIAL 1080 1920 1525.13 540 960 0.01885
470 SIMPLE_RADIAL 1080 1920 1518.59 540 960 0.0171252
469 SIMPLE_RADIAL 1080 1920 1535.95 540 960 0.030624
468 SIMPLE_RADIAL 1080 1920 1510.65 540 960 0.0220894
467 SIMPLE_RADIAL 1080 1920 1521.56 540 960 0.0190689
466 SIMPLE_RADIAL 1080 1920 1517.24 540 960 0.0238339
465 SIMPLE_RADIAL 1080 1920 1546.03 540 960 0.0428287
464 SIMPLE_RADIAL 1080 1920 1525.78 540 960 0.00759282
463 SIMPLE_RADIAL 1080 1920 1524.12 540 960 0.0210137
462 SIMPLE_RADIAL 1080 1920 1517.73 540 960 0.0221682
461 SIMPLE_RADIAL 1080 1920 1527.95 540 960 0.0149093
460 SIMPLE_RADIAL 1080 1920 1520.81 540 960 0.0192363
459 SIMPLE_RADIAL 1080 1920 1525.03 540 960 0.0214971
458 SIMPLE_RADIAL 1080 1920 1511.47 540 960 0.0234415
457 SIMPLE_RADIAL 1080 1920 1530.46 540 960 0.0129886
456 SIMPLE_RADIAL 1080 1920 1512.51 540 960 0.022737
455 SIMPLE_RADIAL 1080 1920 1533.49 540 960 0.0351768
454 SIMPLE_RADIAL 1080 1920 1516.22 540 960 0.0385062
453 SIMPLE_RADIAL 1080 1920 1529.82 540 960 0.0102497
452 SIMPLE_RADIAL 1080 1920 1514.96 540 960 0.0244403
451 SIMPLE_RADIAL 1080 1920 1527.38 540 960 0.0191093
450 SIMPLE_RADIAL 1080 1920 1517.82 540 960 0.0336847
449 SIMPLE_RADIAL 1080 1920 1541.41 540 960 0.0302161
448 SIMPLE_RADIAL 1080 1920 1509.65 540 960 0.0292265
447 SIMPLE_RADIAL 1080 1920 1528.83 540 960 0.0185198
446 SIMPLE_RADIAL 1080 1920 1513.07 540 960 0.0241832
445 SIMPLE_RADIAL 1080 1920 1531.27 540 960 0.0212328
444 SIMPLE_RADIAL 1080 1920 1518.45 540 960 0.01581
443 SIMPLE_RADIAL 1080 1920 1510.58 540 960 0.0165775
442 SIMPLE_RADIAL 1080 1920 1512.4 540 960 0.0283307
441 SIMPLE_RADIAL 1080 1920 1540.71 540 960 0.0369041
440 SIMPLE_RADIAL 1080 1920 1519.72 540 960 0.0214002
439 SIMPLE_RADIAL 1080 1920 1518.32 540 960 0.0188114
438 SIMPLE_RADIAL 1080 1920 1510.46 540 960 0.0322981
437 SIMPLE_RADIAL 1080 1920 1522.2 540 960 0.0337216
436 SIMPLE_RADIAL 1080 1920 1517.45 540 960 0.0150717
435 SIMPLE_RADIAL 1080 1920 1533.56 540 960 0.0461258
434 SIMPLE_RADIAL 1080 1920 1513.11 540 960 0.023999
433 SIMPLE_RADIAL 1080 1920 1524.22 540 960 0.0224545
432 SIMPLE_RADIAL 1080 1920 1524.89 540 960 0.0212012
431 SIMPLE_RADIAL 1080 1920 1533.41 540 960 0.0303453
430 SIMPLE_RADIAL 1080 1920 1513.37 540 960 0.025702
429 SIMPLE_RADIAL 1080 1920 1520.76 540 960 0.0238458
428 SIMPLE_RADIAL 1080 1920 1527.97 540 960 0.0218053
427 SIMPLE_RADIAL 1080 1920 1524.9 540 960 0.0180616
426 SIMPLE_RADIAL 1080 1920 1508.57 540 960 0.0194691
425 SIMPLE_RADIAL 1080 1920 1524.73 540 960 0.0202463
424 SIMPLE_RADIAL 1080 1920 1526.13 540 960 0.0224902
423 SIMPLE_RADIAL 1080 1920 1512.41 540 960 0.0176099
422 SIMPLE_RADIAL 1080 1920 1512.26 540 960 0.0280098
421 SIMPLE_RADIAL 1080 1920 1523.48 540 960 0.00229262
420 SIMPLE_RADIAL 1080 1920 1523.07 540 960 0.0215438
419 SIMPLE_RADIAL 1080 1920 1512.59 540 960 0.0341949
418 SIMPLE_RADIAL 1080 1920 1511.44 540 960 0.0252175
417 SIMPLE_RADIAL 1080 1920 1523.59 540 960 0.00861929
416 SIMPLE_RADIAL 1080 1920 1522.66 540 960 0.0289026
415 SIMPLE_RADIAL 1080 1920 1540.05 540 960 0.0368598
414 SIMPLE_RADIAL 1080 1920 1511.34 540 960 0.0245853
413 SIMPLE_RADIAL 1080 1920 1519.08 540 960 0.00969418
412 SIMPLE_RADIAL 1080 1920 1526.66 540 960 0.0304879
411 SIMPLE_RADIAL 1080 1920 1526.05 540 960 0.0349421
410 SIMPLE_RADIAL 1080 1920 1515.22 540 960 0.0233576
409 SIMPLE_RADIAL 1080 1920 1518.84 540 960 0.00818782
408 SIMPLE_RADIAL 1080 1920 1554.21 540 960 0.034851
407 SIMPLE_RADIAL 1080 1920 1537.84 540 960 0.037336
406 SIMPLE_RADIAL 1080 1920 1507.7 540 960 0.0220809
405 SIMPLE_RADIAL 1080 1920 1518.78 540 960 0.0048691
404 SIMPLE_RADIAL 1080 1920 1524.37 540 960 0.0213671
403 SIMPLE_RADIAL 1080 1920 1530.13 540 960 0.0357249
402 SIMPLE_RADIAL 1080 1920 1510.4 540 960 0.0414387
401 SIMPLE_RADIAL 1080 1920 1517.56 540 960 0.0109576
400 SIMPLE_RADIAL 1080 1920 1522.1 540 960 0.021509
399 SIMPLE_RADIAL 1080 1920 1534.17 540 960 0.0338134
398 SIMPLE_RADIAL 1080 1920 1522.27 540 960 0.0476081
397 SIMPLE_RADIAL 1080 1920 1517.57 540 960 0.0272248
396 SIMPLE_RADIAL 1080 1920 1525.76 540 960 0.0163469
395 SIMPLE_RADIAL 1080 1920 1530.77 540 960 0.0135895
394 SIMPLE_RADIAL 1080 1920 1521.63 540 960 0.0293155
393 SIMPLE_RADIAL 1080 1920 1519.68 540 960 0.0368983
392 SIMPLE_RADIAL 1080 1920 1524.66 540 960 0.014016
391 SIMPLE_RADIAL 1080 1920 1529.4 540 960 0.0132912
390 SIMPLE_RADIAL 1080 1920 1500.88 540 960 0.0218257
389 SIMPLE_RADIAL 1080 1920 1532.55 540 960 0.0307797
388 SIMPLE_RADIAL 1080 1920 1529.16 540 960 0.0210769
387 SIMPLE_RADIAL 1080 1920 1530.2 540 960 0.0114506
386 SIMPLE_RADIAL 1080 1920 1502.06 540 960 0.0239379
385 SIMPLE_RADIAL 1080 1920 1533.08 540 960 0.0311368
384 SIMPLE_RADIAL 1080 1920 1524.37 540 960 0.0151214
383 SIMPLE_RADIAL 1080 1920 1529.59 540 960 0.0158506
382 SIMPLE_RADIAL 1080 1920 1512.83 540 960 0.028552
381 SIMPLE_RADIAL 1080 1920 1530.37 540 960 0.0260194
380 SIMPLE_RADIAL 1080 1920 1526.08 540 960 0.00873306
379 SIMPLE_RADIAL 1080 1920 1534.07 540 960 0.0196449
378 SIMPLE_RADIAL 1080 1920 1512.54 540 960 0.00788769
377 SIMPLE_RADIAL 1080 1920 1523.22 540 960 0.0275256
376 SIMPLE_RADIAL 1080 1920 1522.46 540 960 0.0110999
375 SIMPLE_RADIAL 1080 1920 1519.63 540 960 0.0201091
374 SIMPLE_RADIAL 1080 1920 1504.95 540 960 0.0121948
373 SIMPLE_RADIAL 1080 1920 1524.75 540 960 0.0270486
372 SIMPLE_RADIAL 1080 1920 1522.41 540 960 0.0143752
371 SIMPLE_RADIAL 1080 1920 1522.91 540 960 0.0203642
370 SIMPLE_RADIAL 1080 1920 1454.66 540 960 0.0089176
369 SIMPLE_RADIAL 1080 1920 1524.89 540 960 0.0263104
368 SIMPLE_RADIAL 1080 1920 1526.75 540 960 0.0176747
367 SIMPLE_RADIAL 1080 1920 1517.42 540 960 0.0281431
366 SIMPLE_RADIAL 1080 1920 1452.94 540 960 0.0292683
365 SIMPLE_RADIAL 1080 1920 1520.48 540 960 0.0277073
364 SIMPLE_RADIAL 1080 1920 1528.86 540 960 0.0160579
363 SIMPLE_RADIAL 1080 1920 1519.99 540 960 0.0282825
362 SIMPLE_RADIAL 1080 1920 1478.23 540 960 0.0604117
361 SIMPLE_RADIAL 1080 1920 1517.79 540 960 0.0250237
360 SIMPLE_RADIAL 1080 1920 1529.17 540 960 0.0178589
359 SIMPLE_RADIAL 1080 1920 1525.82 540 960 0.0334981
358 SIMPLE_RADIAL 1080 1920 1524.61 540 960 0.055494
357 SIMPLE_RADIAL 1080 1920 1519.74 540 960 0.0245448
356 SIMPLE_RADIAL 1080 1920 1528.52 540 960 0.0210948
355 SIMPLE_RADIAL 1080 1920 1526.55 540 960 0.0350514
354 SIMPLE_RADIAL 1080 1920 1541.18 540 960 0.0600587
353 SIMPLE_RADIAL 1080 1920 1518.4 540 960 0.0223764
352 SIMPLE_RADIAL 1080 1920 1528.84 540 960 0.0183691
351 SIMPLE_RADIAL 1080 1920 1528.16 540 960 0.0387381
350 SIMPLE_RADIAL 1080 1920 1518.58 540 960 0.0520473
349 SIMPLE_RADIAL 1080 1920 1519.39 540 960 0.0258275
348 SIMPLE_RADIAL 1080 1920 1527.46 540 960 0.0170863
347 SIMPLE_RADIAL 1080 1920 1527.12 540 960 0.0394236
346 SIMPLE_RADIAL 1080 1920 1519.7 540 960 0.0326764
345 SIMPLE_RADIAL 1080 1920 1527.84 540 960 0.028939
173 SIMPLE_RADIAL 1080 1920 1522.94 540 960 0.0210812
172 SIMPLE_RADIAL 1080 1920 1522.57 540 960 0.0177287
1665 SIMPLE_RADIAL 1080 1920 1534.68 540 960 0.0249127
171 SIMPLE_RADIAL 1080 1920 1527.3 540 960 0.0473898
169 SIMPLE_RADIAL 1080 1920 1522.37 540 960 0.0240189
168 SIMPLE_RADIAL 1080 1920 1520.14 540 960 0.0145796
1661 SIMPLE_RADIAL 1080 1920 1526.86 540 960 0.0195181
167 SIMPLE_RADIAL 1080 1920 1521.89 540 960 0.0323274
166 SIMPLE_RADIAL 1080 1920 1525.63 540 960 0.0225348
1659 SIMPLE_RADIAL 1080 1920 1530.24 540 960 0.0137229
165 SIMPLE_RADIAL 1080 1920 1526.04 540 960 0.0273227
1658 SIMPLE_RADIAL 1080 1920 1951.02 540 960 0.0499464
164 SIMPLE_RADIAL 1080 1920 1523.72 540 960 0.0138388
163 SIMPLE_RADIAL 1080 1920 1526.89 540 960 0.038978
1656 SIMPLE_RADIAL 1080 1920 1525.8 540 960 0.0140697
162 SIMPLE_RADIAL 1080 1920 1534.99 540 960 0.0306646
1655 SIMPLE_RADIAL 1080 1920 1935.91 540 960 0.0426517
161 SIMPLE_RADIAL 1080 1920 1522.64 540 960 0.0260902
160 SIMPLE_RADIAL 1080 1920 1521.22 540 960 0.0179181
1653 SIMPLE_RADIAL 1080 1920 1525.8 540 960 0.0149493
159 SIMPLE_RADIAL 1080 1920 1531.35 540 960 0.0456285
1652 SIMPLE_RADIAL 1080 1920 1956.87 540 960 0.045991
158 SIMPLE_RADIAL 1080 1920 1516.74 540 960 0.0253801
157 SIMPLE_RADIAL 1080 1920 1513.11 540 960 0.0231644
1650 SIMPLE_RADIAL 1080 1920 1539.69 540 960 0.0187145
156 SIMPLE_RADIAL 1080 1920 1522.98 540 960 0.0309589
1649 SIMPLE_RADIAL 1080 1920 1945.48 540 960 0.0401438
155 SIMPLE_RADIAL 1080 1920 1528.07 540 960 0.0411345
154 SIMPLE_RADIAL 1080 1920 1526.82 540 960 0.0345103
1647 SIMPLE_RADIAL 1080 1920 1535.51 540 960 0.012049
153 SIMPLE_RADIAL 1080 1920 1523.14 540 960 0.0258715
1646 SIMPLE_RADIAL 1080 1920 1953.26 540 960 0.0421612
152 SIMPLE_RADIAL 1080 1920 1526.73 540 960 0.036558
151 SIMPLE_RADIAL 1080 1920 1526.83 540 960 0.0439111
1644 SIMPLE_RADIAL 1080 1920 1508.09 540 960 0.0139615
150 SIMPLE_RADIAL 1080 1920 1533.07 540 960 0.0356098
1643 SIMPLE_RADIAL 1080 1920 1986.66 540 960 0.0514445
149 SIMPLE_RADIAL 1080 1920 1524.02 540 960 0.0290944
148 SIMPLE_RADIAL 1080 1920 1525.53 540 960 0.0327717
1641 SIMPLE_RADIAL 1080 1920 1529.84 540 960 0.0234175
147 SIMPLE_RADIAL 1080 1920 1524.43 540 960 0.0310791
1640 SIMPLE_RADIAL 1080 1920 1996.72 540 960 0.0530748
146 SIMPLE_RADIAL 1080 1920 1526.11 540 960 0.0356052
145 SIMPLE_RADIAL 1080 1920 1520.71 540 960 0.0270267
1638 SIMPLE_RADIAL 1080 1920 1544 540 960 0.0241941
144 SIMPLE_RADIAL 1080 1920 1523.68 540 960 0.0196112
1637 SIMPLE_RADIAL 1080 1920 1961.42 540 960 0.035568
143 SIMPLE_RADIAL 1080 1920 1529.07 540 960 0.0372729
142 SIMPLE_RADIAL 1080 1920 1525.53 540 960 0.0336491
1635 SIMPLE_RADIAL 1080 1920 1561.69 540 960 0.0372375
141 SIMPLE_RADIAL 1080 1920 1512.78 540 960 0.0236818
1634 SIMPLE_RADIAL 1080 1920 1963.34 540 960 0.038295
140 SIMPLE_RADIAL 1080 1920 1523 540 960 0.0209605
139 SIMPLE_RADIAL 1080 1920 1527.71 540 960 0.0421676
1632 SIMPLE_RADIAL 1080 1920 1549.2 540 960 0.0196636
138 SIMPLE_RADIAL 1080 1920 1528.38 540 960 0.0364633
1631 SIMPLE_RADIAL 1080 1920 1955.63 540 960 0.0468523
137 SIMPLE_RADIAL 1080 1920 1525.4 540 960 0.0217328
136 SIMPLE_RADIAL 1080 1920 1523.16 540 960 0.0233604
1629 SIMPLE_RADIAL 1080 1920 1547.06 540 960 0.0159352
135 SIMPLE_RADIAL 1080 1920 1530.87 540 960 0.052281
1628 SIMPLE_RADIAL 1080 1920 1979.29 540 960 0.0543317
134 SIMPLE_RADIAL 1080 1920 1527.8 540 960 0.0369313
133 SIMPLE_RADIAL 1080 1920 1528.04 540 960 0.0240099
1626 SIMPLE_RADIAL 1080 1920 1544.8 540 960 0.0161563
132 SIMPLE_RADIAL 1080 1920 1523.02 540 960 0.025879
1625 SIMPLE_RADIAL 1080 1920 1978.79 540 960 0.0632929
131 SIMPLE_RADIAL 1080 1920 1524.96 540 960 0.0532329
130 SIMPLE_RADIAL 1080 1920 1527.98 540 960 0.0342669
1623 SIMPLE_RADIAL 1080 1920 1544.34 540 960 0.0104127
129 SIMPLE_RADIAL 1080 1920 1528.98 540 960 0.025296
1622 SIMPLE_RADIAL 1080 1920 2000.53 540 960 0.0702375
128 SIMPLE_RADIAL 1080 1920 1521.75 540 960 0.0360581
127 SIMPLE_RADIAL 1080 1920 1529.73 540 960 0.0479376
1620 SIMPLE_RADIAL 1080 1920 1526.52 540 960 0.00163668
126 SIMPLE_RADIAL 1080 1920 1529.19 540 960 0.0319922
1619 SIMPLE_RADIAL 1080 1920 1968.17 540 960 0.0504464
125 SIMPLE_RADIAL 1080 1920 1522.21 540 960 0.0247168
124 SIMPLE_RADIAL 1080 1920 1524.23 540 960 0.040581
1617 SIMPLE_RADIAL 1080 1920 1512.92 540 960 0.0375762
123 SIMPLE_RADIAL 1080 1920 1525.67 540 960 0.0511766
1616 SIMPLE_RADIAL 1080 1920 1953.31 540 960 0.0470581
122 SIMPLE_RADIAL 1080 1920 1520.96 540 960 0.0309923
121 SIMPLE_RADIAL 1080 1920 1518.35 540 960 0.0253819
120 SIMPLE_RADIAL 1080 1920 1526.1 540 960 0.040301
1613 SIMPLE_RADIAL 1080 1920 1537 540 960 0.0347387
119 SIMPLE_RADIAL 1080 1920 1531.17 540 960 0.0427078
1612 SIMPLE_RADIAL 1080 1920 1946.66 540 960 0.0435133
118 SIMPLE_RADIAL 1080 1920 1514.31 540 960 0.0367308
117 SIMPLE_RADIAL 1080 1920 1529.59 540 960 0.0296871
116 SIMPLE_RADIAL 1080 1920 1525.25 540 960 0.0402747
1609 SIMPLE_RADIAL 1080 1920 1523.02 540 960 0.0294144
115 SIMPLE_RADIAL 1080 1920 1533.04 540 960 0.0417478
1608 SIMPLE_RADIAL 1080 1920 1946.61 540 960 0.0463934
114 SIMPLE_RADIAL 1080 1920 1520.5 540 960 0.0443463
113 SIMPLE_RADIAL 1080 1920 1521.22 540 960 0.025851
112 SIMPLE_RADIAL 1080 1920 1525.37 540 960 0.0398798
1605 SIMPLE_RADIAL 1080 1920 1541.38 540 960 0.0383144
111 SIMPLE_RADIAL 1080 1920 1533.98 540 960 0.0467534
1604 SIMPLE_RADIAL 1080 1920 1939.03 540 960 0.0473516
110 SIMPLE_RADIAL 1080 1920 1539.78 540 960 0.037741
109 SIMPLE_RADIAL 1080 1920 1521.88 540 960 0.0253579
108 SIMPLE_RADIAL 1080 1920 1524.96 540 960 0.0427176
1601 SIMPLE_RADIAL 1080 1920 1553.12 540 960 0.0273698
107 SIMPLE_RADIAL 1080 1920 1529.66 540 960 0.0476066
1600 SIMPLE_RADIAL 1080 1920 1917.85 540 960 0.0394684
106 SIMPLE_RADIAL 1080 1920 1532.99 540 960 0.0404896
105 SIMPLE_RADIAL 1080 1920 1520.39 540 960 0.0243991
104 SIMPLE_RADIAL 1080 1920 1526.43 540 960 0.0451973
1597 SIMPLE_RADIAL 1080 1920 1552.91 540 960 0.0182639
103 SIMPLE_RADIAL 1080 1920 1529.96 540 960 0.046845
1596 SIMPLE_RADIAL 1080 1920 1940.33 540 960 0.0509105
102 SIMPLE_RADIAL 1080 1920 1538.36 540 960 0.0470473
101 SIMPLE_RADIAL 1080 1920 1520.06 540 960 0.0153805
100 SIMPLE_RADIAL 1080 1920 1526.27 540 960 0.0488822
1593 SIMPLE_RADIAL 1080 1920 1583.14 540 960 0.0206751
99 SIMPLE_RADIAL 1080 1920 1530.54 540 960 0.0509427
1592 SIMPLE_RADIAL 1080 1920 1946.57 540 960 0.0534986
98 SIMPLE_RADIAL 1080 1920 1525.93 540 960 0.0404638
97 SIMPLE_RADIAL 1080 1920 1513.48 540 960 0.0119648
96 SIMPLE_RADIAL 1080 1920 1526.14 540 960 0.0457077
1589 SIMPLE_RADIAL 1080 1920 1546.75 540 960 0.00918687
95 SIMPLE_RADIAL 1080 1920 1525.53 540 960 0.0546763
1588 SIMPLE_RADIAL 1080 1920 1939.64 540 960 0.0481447
94 SIMPLE_RADIAL 1080 1920 1525.64 540 960 0.0395255
93 SIMPLE_RADIAL 1080 1920 1522.28 540 960 0.0136183
92 SIMPLE_RADIAL 1080 1920 1526.26 540 960 0.043136
1585 SIMPLE_RADIAL 1080 1920 1547.38 540 960 0.00554775
91 SIMPLE_RADIAL 1080 1920 1524.77 540 960 0.0498067
1584 SIMPLE_RADIAL 1080 1920 1932.64 540 960 0.0388001
90 SIMPLE_RADIAL 1080 1920 1526.84 540 960 0.0392378
89 SIMPLE_RADIAL 1080 1920 1521.57 540 960 0.0140672
88 SIMPLE_RADIAL 1080 1920 1526.95 540 960 0.0504116
1581 SIMPLE_RADIAL 1080 1920 1546.8 540 960 0.0132409
87 SIMPLE_RADIAL 1080 1920 1526.34 540 960 0.0456725
1580 SIMPLE_RADIAL 1080 1920 1941.29 540 960 0.039247
43 SIMPLE_RADIAL 1080 1920 1527.57 540 960 0.0569853
1536 SIMPLE_RADIAL 1080 1920 1991.4 540 960 0.0916216
42 SIMPLE_RADIAL 1080 1920 1527.14 540 960 0.03894
41 SIMPLE_RADIAL 1080 1920 1519.07 540 960 0.0100193
39 SIMPLE_RADIAL 1080 1920 1527.57 540 960 0.056681
1532 SIMPLE_RADIAL 1080 1920 1967.71 540 960 0.0790631
38 SIMPLE_RADIAL 1080 1920 1524.74 540 960 0.0380325
37 SIMPLE_RADIAL 1080 1920 1517.43 540 960 0.0183539
36 SIMPLE_RADIAL 1080 1920 1525.91 540 960 0.0251435
1529 SIMPLE_RADIAL 1080 1920 1528.1 540 960 0.0224684
35 SIMPLE_RADIAL 1080 1920 1531.49 540 960 0.0604235
1528 SIMPLE_RADIAL 1080 1920 1955.95 540 960 0.0675411
34 SIMPLE_RADIAL 1080 1920 1521.79 540 960 0.0426788
33 SIMPLE_RADIAL 1080 1920 1517.42 540 960 0.0189578
32 SIMPLE_RADIAL 1080 1920 1529.97 540 960 0.0220226
1525 SIMPLE_RADIAL 1080 1920 1527.51 540 960 0.0221613
31 SIMPLE_RADIAL 1080 1920 1545.64 540 960 0.065492
1524 SIMPLE_RADIAL 1080 1920 1991.19 540 960 0.0868359
30 SIMPLE_RADIAL 1080 1920 1533.66 540 960 0.0328942
29 SIMPLE_RADIAL 1080 1920 1515.62 540 960 0.0197513
28 SIMPLE_RADIAL 1080 1920 1532.31 540 960 0.0194123
1521 SIMPLE_RADIAL 1080 1920 1527.56 540 960 0.020315
27 SIMPLE_RADIAL 1080 1920 1529.29 540 960 0.0522161
1520 SIMPLE_RADIAL 1080 1920 1967.93 540 960 0.0700367
26 SIMPLE_RADIAL 1080 1920 1542.36 540 960 0.030058
25 SIMPLE_RADIAL 1080 1920 1514.67 540 960 0.0165911
12 SIMPLE_RADIAL 1080 1920 1543.37 540 960 0.034406
1505 SIMPLE_RADIAL 1080 1920 1528.76 540 960 0.0170256
11 SIMPLE_RADIAL 1080 1920 1518.62 540 960 0.0618638
1504 SIMPLE_RADIAL 1080 1920 2009.3 540 960 0.0817482
10 SIMPLE_RADIAL 1080 1920 1503.81 540 960 0.0132524
40 SIMPLE_RADIAL 1080 1920 1527.48 540 960 0.0579325
1533 SIMPLE_RADIAL 1080 1920 1529.69 540 960 0.0229895
170 SIMPLE_RADIAL 1080 1920 1525.75 540 960 0.0193464
1663 SIMPLE_RADIAL 1080 1920 1527.51 540 960 0.0183472
712 SIMPLE_RADIAL 1080 1920 1514.19 540 960 0.0238385
3 SIMPLE_RADIAL 1080 1920 1528.56 540 960 0.0535517
1496 SIMPLE_RADIAL 1080 1920 2010.24 540 960 0.0859444
340 SIMPLE_RADIAL 1080 1920 1528.2 540 960 0.0217537
82 SIMPLE_RADIAL 1080 1920 1518.43 540 960 0.0406726
20 SIMPLE_RADIAL 1080 1920 1534.64 540 960 0.0241252
1513 SIMPLE_RADIAL 1080 1920 1532.97 540 960 0.0216639
14 SIMPLE_RADIAL 1080 1920 1540.89 540 960 0.00819519
44 SIMPLE_RADIAL 1080 1920 1520.23 540 960 0.0497664
1537 SIMPLE_RADIAL 1080 1920 1518.31 540 960 0.0184158
174 SIMPLE_RADIAL 1080 1920 1522.74 540 960 0.0118342
1667 SIMPLE_RADIAL 1080 1920 1536.46 540 960 0.0276829
716 SIMPLE_RADIAL 1080 1920 1545.45 540 960 0.0328076
7 SIMPLE_RADIAL 1080 1920 1529.56 540 960 0.0552732
1500 SIMPLE_RADIAL 1080 1920 1984.71 540 960 0.065469
344 SIMPLE_RADIAL 1080 1920 1528.62 540 960 0.023948
86 SIMPLE_RADIAL 1080 1920 1526.09 540 960 0.0398427
24 SIMPLE_RADIAL 1080 1920 1529.17 540 960 0.0162619
1517 SIMPLE_RADIAL 1080 1920 1532.91 540 960 0.0226696
15 SIMPLE_RADIAL 1080 1920 1516.78 540 960 0.054836
1508 SIMPLE_RADIAL 1080 1920 1985.92 540 960 0.0711093
16 SIMPLE_RADIAL 1080 1920 1536.02 540 960 0.0274535
1509 SIMPLE_RADIAL 1080 1920 1527.43 540 960 0.0180505
17 SIMPLE_RADIAL 1080 1920 1547.45 540 960 -0.0367922
18 SIMPLE_RADIAL 1080 1920 1538.77 540 960 0.00873845
19 SIMPLE_RADIAL 1080 1920 1523.89 540 960 0.0460699
1512 SIMPLE_RADIAL 1080 1920 1997.31 540 960 0.0800235
21 SIMPLE_RADIAL 1080 1920 1515.22 540 960 -0.0035721
22 SIMPLE_RADIAL 1080 1920 1539.81 540 960 0.0153031
23 SIMPLE_RADIAL 1080 1920 1531.92 540 960 0.0455014
1516 SIMPLE_RADIAL 1080 1920 1977.47 540 960 0.0738558
45 SIMPLE_RADIAL 1080 1920 1521.39 540 960 0.00955771
46 SIMPLE_RADIAL 1080 1920 1533.2 540 960 0.025985
47 SIMPLE_RADIAL 1080 1920 1526.09 540 960 0.0672418
1540 SIMPLE_RADIAL 1080 1920 1963.22 540 960 0.0764379
48 SIMPLE_RADIAL 1080 1920 1527.86 540 960 0.0412834
1541 SIMPLE_RADIAL 1080 1920 1502.01 540 960 0.00547638
49 SIMPLE_RADIAL 1080 1920 1518.17 540 960 0.00933208
50 SIMPLE_RADIAL 1080 1920 1537.16 540 960 0.0261289
51 SIMPLE_RADIAL 1080 1920 1526.31 540 960 0.0591508
1544 SIMPLE_RADIAL 1080 1920 1990.28 540 960 0.0927216
52 SIMPLE_RADIAL 1080 1920 1525.42 540 960 0.0355593
1545 SIMPLE_RADIAL 1080 1920 1527.28 540 960 0.00894876
53 SIMPLE_RADIAL 1080 1920 1517.03 540 960 0.00986965
54 SIMPLE_RADIAL 1080 1920 1538.13 540 960 0.0295103
55 SIMPLE_RADIAL 1080 1920 1526.59 540 960 0.058831
1548 SIMPLE_RADIAL 1080 1920 1995.41 540 960 0.122284
56 SIMPLE_RADIAL 1080 1920 1520.16 540 960 0.0293853
1549 SIMPLE_RADIAL 1080 1920 1530.82 540 960 0.0199769
57 SIMPLE_RADIAL 1080 1920 1519.31 540 960 0.00883952
58 SIMPLE_RADIAL 1080 1920 1529.14 540 960 0.0629799
59 SIMPLE_RADIAL 1080 1920 1526.92 540 960 0.0540827
1552 SIMPLE_RADIAL 1080 1920 2003.35 540 960 0.137203
60 SIMPLE_RADIAL 1080 1920 1522.53 540 960 0.0393911
1553 SIMPLE_RADIAL 1080 1920 1539.46 540 960 0.00951852
61 SIMPLE_RADIAL 1080 1920 1517.12 540 960 0.00925618
62 SIMPLE_RADIAL 1080 1920 1532.21 540 960 0.0578611
63 SIMPLE_RADIAL 1080 1920 1523.03 540 960 0.0533398
1556 SIMPLE_RADIAL 1080 1920 1964.95 540 960 0.108487
64 SIMPLE_RADIAL 1080 1920 1523.78 540 960 0.0238616
1557 SIMPLE_RADIAL 1080 1920 1542.71 540 960 0.00444628
65 SIMPLE_RADIAL 1080 1920 1516.72 540 960 0.0129902
66 SIMPLE_RADIAL 1080 1920 1533.27 540 960 0.0494464
67 SIMPLE_RADIAL 1080 1920 1531.97 540 960 0.0504876
1560 SIMPLE_RADIAL 1080 1920 1951.96 540 960 0.0761699
68 SIMPLE_RADIAL 1080 1920 1528.11 540 960 0.0370968
1561 SIMPLE_RADIAL 1080 1920 1540.46 540 960 0.0102243
69 SIMPLE_RADIAL 1080 1920 1521.61 540 960 0.0157074
70 SIMPLE_RADIAL 1080 1920 1530.71 540 960 0.0456924
71 SIMPLE_RADIAL 1080 1920 1525.7 540 960 0.0554587
1564 SIMPLE_RADIAL 1080 1920 1959.59 540 960 0.0699525
72 SIMPLE_RADIAL 1080 1920 1534.08 540 960 0.0494629
1565 SIMPLE_RADIAL 1080 1920 1544.61 540 960 0.00819309
73 SIMPLE_RADIAL 1080 1920 1518.72 540 960 0.0142087
74 SIMPLE_RADIAL 1080 1920 1528.03 540 960 0.0457709
75 SIMPLE_RADIAL 1080 1920 1526.01 540 960 0.0487664
1568 SIMPLE_RADIAL 1080 1920 1947.02 540 960 0.0524163
76 SIMPLE_RADIAL 1080 1920 1530.7 540 960 0.0530673
1569 SIMPLE_RADIAL 1080 1920 1546.32 540 960 0.0091141
77 SIMPLE_RADIAL 1080 1920 1518.54 540 960 0.0176067
78 SIMPLE_RADIAL 1080 1920 1521.92 540 960 0.0454488
79 SIMPLE_RADIAL 1080 1920 1527.13 540 960 0.0422828
1572 SIMPLE_RADIAL 1080 1920 1963.55 540 960 0.0553021
80 SIMPLE_RADIAL 1080 1920 1530.24 540 960 0.0506517
1573 SIMPLE_RADIAL 1080 1920 1547.74 540 960 0.00897219
81 SIMPLE_RADIAL 1080 1920 1522.04 540 960 0.0182112
83 SIMPLE_RADIAL 1080 1920 1533.91 540 960 0.0351653
1576 SIMPLE_RADIAL 1080 1920 1947.46 540 960 0.0440089
84 SIMPLE_RADIAL 1080 1920 1524.51 540 960 0.0475473
1577 SIMPLE_RADIAL 1080 1920 1552.81 540 960 0.00894903
85 SIMPLE_RADIAL 1080 1920 1522.37 540 960 0.0168195
175 SIMPLE_RADIAL 1080 1920 1531.33 540 960 0.0506287
176 SIMPLE_RADIAL 1080 1920 1527.05 540 960 0.0254031
1669 SIMPLE_RADIAL 1080 1920 1537.43 540 960 0.0301931
177 SIMPLE_RADIAL 1080 1920 1515.05 540 960 0.0209716
178 SIMPLE_RADIAL 1080 1920 1530.89 540 960 0.0225265
1671 SIMPLE_RADIAL 1080 1920 1543.64 540 960 0.036964
179 SIMPLE_RADIAL 1080 1920 1542.56 540 960 0.056474
180 SIMPLE_RADIAL 1080 1920 1526.1 540 960 0.0273567
1673 SIMPLE_RADIAL 1080 1920 1545.82 540 960 0.0427698
181 SIMPLE_RADIAL 1080 1920 1521.95 540 960 0.0219797
182 SIMPLE_RADIAL 1080 1920 1525.53 540 960 0.037033
1675 SIMPLE_RADIAL 1080 1920 1543.89 540 960 0.0368696
183 SIMPLE_RADIAL 1080 1920 1524.39 540 960 0.0511196
184 SIMPLE_RADIAL 1080 1920 1532.15 540 960 0.042665
1677 SIMPLE_RADIAL 1080 1920 1542.08 540 960 0.035114
185 SIMPLE_RADIAL 1080 1920 1517.83 540 960 0.0145303
186 SIMPLE_RADIAL 1080 1920 1526.3 540 960 0.0398772
1679 SIMPLE_RADIAL 1080 1920 1531.39 540 960 0.0391021
187 SIMPLE_RADIAL 1080 1920 1533.15 540 960 0.0479923
188 SIMPLE_RADIAL 1080 1920 1528.62 540 960 0.0507104
189 SIMPLE_RADIAL 1080 1920 1524.67 540 960 0.0156115
190 SIMPLE_RADIAL 1080 1920 1526.31 540 960 0.033128
191 SIMPLE_RADIAL 1080 1920 1532.3 540 960 0.0502281
192 SIMPLE_RADIAL 1080 1920 1525.95 540 960 0.0407556
193 SIMPLE_RADIAL 1080 1920 1520.5 540 960 0.0130868
194 SIMPLE_RADIAL 1080 1920 1533.95 540 960 0.0408523
195 SIMPLE_RADIAL 1080 1920 1528.47 540 960 0.0345165
196 SIMPLE_RADIAL 1080 1920 1518.43 540 960 0.0270961
197 SIMPLE_RADIAL 1080 1920 1518.69 540 960 0.0104071
198 SIMPLE_RADIAL 1080 1920 1544.09 540 960 0.0403551
199 SIMPLE_RADIAL 1080 1920 1522.86 540 960 0.0320713
200 SIMPLE_RADIAL 1080 1920 1519.73 540 960 0.0233672
201 SIMPLE_RADIAL 1080 1920 1518.85 540 960 0.012767
202 SIMPLE_RADIAL 1080 1920 1539.62 540 960 0.0424108
203 SIMPLE_RADIAL 1080 1920 1519.29 540 960 0.0289731
204 SIMPLE_RADIAL 1080 1920 1519.44 540 960 0.0186298
205 SIMPLE_RADIAL 1080 1920 1520.09 540 960 0.016206
206 SIMPLE_RADIAL 1080 1920 1513.98 540 960 0.0408575
207 SIMPLE_RADIAL 1080 1920 1541.7 540 960 0.0341925
208 SIMPLE_RADIAL 1080 1920 1520.98 540 960 0.0222209
209 SIMPLE_RADIAL 1080 1920 1513.44 540 960 0.016956
210 SIMPLE_RADIAL 1080 1920 1535.83 540 960 0.0444717
211 SIMPLE_RADIAL 1080 1920 1539.82 540 960 0.0552298
212 SIMPLE_RADIAL 1080 1920 1521.08 540 960 0.0219895
213 SIMPLE_RADIAL 1080 1920 1523.3 540 960 0.0180516
214 SIMPLE_RADIAL 1080 1920 1537.92 540 960 0.044764
215 SIMPLE_RADIAL 1080 1920 1528.35 540 960 0.0433189
216 SIMPLE_RADIAL 1080 1920 1527.17 540 960 0.0306258
217 SIMPLE_RADIAL 1080 1920 1521.07 540 960 0.0192898
218 SIMPLE_RADIAL 1080 1920 1525.07 540 960 0.0438167
219 SIMPLE_RADIAL 1080 1920 1528.64 540 960 0.0559696
220 SIMPLE_RADIAL 1080 1920 1526.94 540 960 0.0272517
221 SIMPLE_RADIAL 1080 1920 1521.41 540 960 0.0189529
222 SIMPLE_RADIAL 1080 1920 1539.55 540 960 0.0445083
223 SIMPLE_RADIAL 1080 1920 1528.31 540 960 0.0491784
224 SIMPLE_RADIAL 1080 1920 1520.03 540 960 0.0195122
225 SIMPLE_RADIAL 1080 1920 1514.79 540 960 0.0109223
226 SIMPLE_RADIAL 1080 1920 1523.62 540 960 0.0452614
227 SIMPLE_RADIAL 1080 1920 1526.52 540 960 0.0375075
228 SIMPLE_RADIAL 1080 1920 1521.77 540 960 0.0171351
229 SIMPLE_RADIAL 1080 1920 1516.32 540 960 0.00801434
230 SIMPLE_RADIAL 1080 1920 1519.29 540 960 0.0386557
231 SIMPLE_RADIAL 1080 1920 1530.43 540 960 0.0381041
232 SIMPLE_RADIAL 1080 1920 1516.93 540 960 0.00835066
233 SIMPLE_RADIAL 1080 1920 1519.79 540 960 0.00643874
234 SIMPLE_RADIAL 1080 1920 1526.07 540 960 0.0397159
235 SIMPLE_RADIAL 1080 1920 1529.45 540 960 0.0383842
236 SIMPLE_RADIAL 1080 1920 1519.17 540 960 0.00434274
237 SIMPLE_RADIAL 1080 1920 1518.25 540 960 0.00897389
238 SIMPLE_RADIAL 1080 1920 1527.31 540 960 0.041135
239 SIMPLE_RADIAL 1080 1920 1530.22 540 960 0.0328044
240 SIMPLE_RADIAL 1080 1920 1520.31 540 960 0.00899014
241 SIMPLE_RADIAL 1080 1920 1521.96 540 960 0.0138018
242 SIMPLE_RADIAL 1080 1920 1519.98 540 960 0.0336122
243 SIMPLE_RADIAL 1080 1920 1532.24 540 960 0.0418227
244 SIMPLE_RADIAL 1080 1920 1528 540 960 0.0130014
245 SIMPLE_RADIAL 1080 1920 1520.09 540 960 0.0165514
246 SIMPLE_RADIAL 1080 1920 1513.71 540 960 0.0315763
247 SIMPLE_RADIAL 1080 1920 1536.95 540 960 0.0513592
248 SIMPLE_RADIAL 1080 1920 1523.53 540 960 0.0266412
249 SIMPLE_RADIAL 1080 1920 1519.37 540 960 0.0169581
250 SIMPLE_RADIAL 1080 1920 1524.8 540 960 0.0379806
251 SIMPLE_RADIAL 1080 1920 1534.41 540 960 0.0403987
252 SIMPLE_RADIAL 1080 1920 1527.25 540 960 0.0360655
253 SIMPLE_RADIAL 1080 1920 1516.16 540 960 0.0208227
254 SIMPLE_RADIAL 1080 1920 1523.88 540 960 0.041654
255 SIMPLE_RADIAL 1080 1920 1528.52 540 960 0.0357149
256 SIMPLE_RADIAL 1080 1920 1526.95 540 960 0.0264748
257 SIMPLE_RADIAL 1080 1920 1518.55 540 960 0.0209153
258 SIMPLE_RADIAL 1080 1920 1527.99 540 960 0.0449127
259 SIMPLE_RADIAL 1080 1920 1514.46 540 960 0.02955
260 SIMPLE_RADIAL 1080 1920 1528.97 540 960 0.0242511
261 SIMPLE_RADIAL 1080 1920 1515.17 540 960 0.0213991
262 SIMPLE_RADIAL 1080 1920 1515.02 540 960 0.0374616
263 SIMPLE_RADIAL 1080 1920 1529.47 540 960 0.0253445
264 SIMPLE_RADIAL 1080 1920 1529.9 540 960 0.0276859
265 SIMPLE_RADIAL 1080 1920 1522.54 540 960 0.0204161
266 SIMPLE_RADIAL 1080 1920 1510.52 540 960 0.0277011
267 SIMPLE_RADIAL 1080 1920 1530.61 540 960 0.0254424
268 SIMPLE_RADIAL 1080 1920 1524.3 540 960 0.0489793
269 SIMPLE_RADIAL 1080 1920 1526.62 540 960 0.0250057
270 SIMPLE_RADIAL 1080 1920 1522.11 540 960 0.0281522
271 SIMPLE_RADIAL 1080 1920 1533.98 540 960 0.0310705
272 SIMPLE_RADIAL 1080 1920 1526.79 540 960 0.0453868
273 SIMPLE_RADIAL 1080 1920 1526.68 540 960 0.0266358
274 SIMPLE_RADIAL 1080 1920 1516.08 540 960 0.0247046
275 SIMPLE_RADIAL 1080 1920 1532.74 540 960 0.0318247
276 SIMPLE_RADIAL 1080 1920 1522.76 540 960 0.0403827
277 SIMPLE_RADIAL 1080 1920 1512.39 540 960 0.0211467
278 SIMPLE_RADIAL 1080 1920 1518.43 540 960 0.0236158
279 SIMPLE_RADIAL 1080 1920 1534.16 540 960 0.0314146
280 SIMPLE_RADIAL 1080 1920 1523.9 540 960 0.0332233
281 SIMPLE_RADIAL 1080 1920 1518.45 540 960 0.00718304
282 SIMPLE_RADIAL 1080 1920 1519.22 540 960 0.0212175
283 SIMPLE_RADIAL 1080 1920 1529.95 540 960 0.0267058
284 SIMPLE_RADIAL 1080 1920 1524.07 540 960 0.0319769
285 SIMPLE_RADIAL 1080 1920 1520.92 540 960 0.0138834
286 SIMPLE_RADIAL 1080 1920 1532.38 540 960 0.0278218
287 SIMPLE_RADIAL 1080 1920 1526.28 540 960 0.0262769
288 SIMPLE_RADIAL 1080 1920 1531.06 540 960 0.0315024
289 SIMPLE_RADIAL 1080 1920 1520.77 540 960 0.00502897
290 SIMPLE_RADIAL 1080 1920 1529.68 540 960 0.0493212
291 SIMPLE_RADIAL 1080 1920 1529.65 540 960 0.0301067
292 SIMPLE_RADIAL 1080 1920 1527.01 540 960 0.0304287
293 SIMPLE_RADIAL 1080 1920 1519.71 540 960 0.00864091
294 SIMPLE_RADIAL 1080 1920 1508.68 540 960 0.0298396
295 SIMPLE_RADIAL 1080 1920 1546.37 540 960 0.0404686
296 SIMPLE_RADIAL 1080 1920 1524.7 540 960 0.0240867
297 SIMPLE_RADIAL 1080 1920 1520.02 540 960 0.0141188
298 SIMPLE_RADIAL 1080 1920 1511.06 540 960 0.0136449
299 SIMPLE_RADIAL 1080 1920 1530.78 540 960 0.0344662
300 SIMPLE_RADIAL 1080 1920 1520.97 540 960 0.0237781
301 SIMPLE_RADIAL 1080 1920 1521.92 540 960 0.0156557
302 SIMPLE_RADIAL 1080 1920 1528.76 540 960 0.0261008
303 SIMPLE_RADIAL 1080 1920 1526.23 540 960 0.0321969
304 SIMPLE_RADIAL 1080 1920 1521.5 540 960 0.0252632
305 SIMPLE_RADIAL 1080 1920 1524.6 540 960 0.0102824
306 SIMPLE_RADIAL 1080 1920 1522.11 540 960 0.00594435
307 SIMPLE_RADIAL 1080 1920 1534.38 540 960 0.0284146
308 SIMPLE_RADIAL 1080 1920 1522.71 540 960 0.0208223
309 SIMPLE_RADIAL 1080 1920 1526.42 540 960 0.0124639
310 SIMPLE_RADIAL 1080 1920 1513.9 540 960 0.0216621
311 SIMPLE_RADIAL 1080 1920 1524.78 540 960 0.0231928
312 SIMPLE_RADIAL 1080 1920 1525.85 540 960 0.0168975
313 SIMPLE_RADIAL 1080 1920 1530.65 540 960 0.007596
314 SIMPLE_RADIAL 1080 1920 1506.84 540 960 0.0728317
315 SIMPLE_RADIAL 1080 1920 1535.07 540 960 0.0270771
316 SIMPLE_RADIAL 1080 1920 1526.8 540 960 0.0113084
317 SIMPLE_RADIAL 1080 1920 1523.5 540 960 0.00797452
318 SIMPLE_RADIAL 1080 1920 1525.88 540 960 0.0198459
319 SIMPLE_RADIAL 1080 1920 1529.54 540 960 0.030392
320 SIMPLE_RADIAL 1080 1920 1528.68 540 960 0.0205047
321 SIMPLE_RADIAL 1080 1920 1517.1 540 960 0.0244309
322 SIMPLE_RADIAL 1080 1920 1525.06 540 960 0.0261844
323 SIMPLE_RADIAL 1080 1920 1519.24 540 960 0.0214257
324 SIMPLE_RADIAL 1080 1920 1531.91 540 960 0.0215222
325 SIMPLE_RADIAL 1080 1920 1518.71 540 960 0.0270593
326 SIMPLE_RADIAL 1080 1920 1530.79 540 960 0.0647607
327 SIMPLE_RADIAL 1080 1920 1530.09 540 960 0.0291228
328 SIMPLE_RADIAL 1080 1920 1527.85 540 960 0.0174699
329 SIMPLE_RADIAL 1080 1920 1522.66 540 960 0.0317501
330 SIMPLE_RADIAL 1080 1920 1522.05 540 960 0.0653188
331 SIMPLE_RADIAL 1080 1920 1527.33 540 960 0.0334693
332 SIMPLE_RADIAL 1080 1920 1528.68 540 960 0.0174249
333 SIMPLE_RADIAL 1080 1920 1517.3 540 960 0.0263384
334 SIMPLE_RADIAL 1080 1920 1508.85 540 960 0.0641408
335 SIMPLE_RADIAL 1080 1920 1529.53 540 960 0.0331278
336 SIMPLE_RADIAL 1080 1920 1529.3 540 960 0.0155781
337 SIMPLE_RADIAL 1080 1920 1516.37 540 960 0.0265348
338 SIMPLE_RADIAL 1080 1920 1515.86 540 960 0.0570873
339 SIMPLE_RADIAL 1080 1920 1542.74 540 960 0.0393712
341 SIMPLE_RADIAL 1080 1920 1526.96 540 960 0.0310905
342 SIMPLE_RADIAL 1080 1920 1508.45 540 960 0.0340993
343 SIMPLE_RADIAL 1080 1920 1535.83 540 960 0.0387737
717 SIMPLE_RADIAL 1080 1920 1515.73 540 960 0.0340054
718 SIMPLE_RADIAL 1080 1920 1522.11 540 960 0.0263853
719 SIMPLE_RADIAL 1080 1920 1511.75 540 960 0.0249898
720 SIMPLE_RADIAL 1080 1920 1519.78 540 960 0.0247636
721 SIMPLE_RADIAL 1080 1920 1503.08 540 960 0.0356911
722 SIMPLE_RADIAL 1080 1920 1535.08 540 960 0.0437992
723 SIMPLE_RADIAL 1080 1920 1530.48 540 960 0.0383123
724 SIMPLE_RADIAL 1080 1920 1551.9 540 960 0.0283507
725 SIMPLE_RADIAL 1080 1920 1519.05 540 960 0.0344106
726 SIMPLE_RADIAL 1080 1920 1505.82 540 960 0.0350127
727 SIMPLE_RADIAL 1080 1920 1518.85 540 960 0.0332399
728 SIMPLE_RADIAL 1080 1920 1568.66 540 960 0.0348434
729 SIMPLE_RADIAL 1080 1920 1518.52 540 960 0.0356984
730 SIMPLE_RADIAL 1080 1920 1561.89 540 960 0.0546752
731 SIMPLE_RADIAL 1080 1920 1525.7 540 960 0.0309984
732 SIMPLE_RADIAL 1080 1920 1592.25 540 960 0.038944
733 SIMPLE_RADIAL 1080 1920 1528.7 540 960 0.0348628
734 SIMPLE_RADIAL 1080 1920 1543.13 540 960 0.0341863
735 SIMPLE_RADIAL 1080 1920 1520.21 540 960 0.032151
736 SIMPLE_RADIAL 1080 1920 1575.47 540 960 0.0397851
737 SIMPLE_RADIAL 1080 1920 1552.16 540 960 0.0352681
738 SIMPLE_RADIAL 1080 1920 1492.55 540 960 0.0381168
739 SIMPLE_RADIAL 1080 1920 1515.47 540 960 0.0374824
740 SIMPLE_RADIAL 1080 1920 1544.14 540 960 0.0316951
741 SIMPLE_RADIAL 1080 1920 1550.67 540 960 0.0326269
742 SIMPLE_RADIAL 1080 1920 1524.39 540 960 0.0446717
743 SIMPLE_RADIAL 1080 1920 1513.66 540 960 0.0409463
744 SIMPLE_RADIAL 1080 1920 1544.76 540 960 0.033434
745 SIMPLE_RADIAL 1080 1920 1565.86 540 960 0.0306919
746 SIMPLE_RADIAL 1080 1920 1531.54 540 960 0.0413035
747 SIMPLE_RADIAL 1080 1920 1514.68 540 960 0.0424449
748 SIMPLE_RADIAL 1080 1920 1513.47 540 960 0.0283985
749 SIMPLE_RADIAL 1080 1920 1556.24 540 960 0.0284723
750 SIMPLE_RADIAL 1080 1920 1541.38 540 960 0.0504441
751 SIMPLE_RADIAL 1080 1920 1517.95 540 960 0.0367264
752 SIMPLE_RADIAL 1080 1920 1494.39 540 960 0.0247921
753 SIMPLE_RADIAL 1080 1920 1514.79 540 960 0.0242873
754 SIMPLE_RADIAL 1080 1920 1517.51 540 960 0.0171403
755 SIMPLE_RADIAL 1080 1920 1512.17 540 960 0.044125
756 SIMPLE_RADIAL 1080 1920 1484.11 540 960 0.0294613
757 SIMPLE_RADIAL 1080 1920 1506.88 540 960 0.0276731
758 SIMPLE_RADIAL 1080 1920 1521.01 540 960 0.0201989
759 SIMPLE_RADIAL 1080 1920 1518.82 540 960 0.037853
760 SIMPLE_RADIAL 1080 1920 1514.6 540 960 0.0292768
761 SIMPLE_RADIAL 1080 1920 1511.34 540 960 0.0261667
762 SIMPLE_RADIAL 1080 1920 1527.77 540 960 0.0216704
763 SIMPLE_RADIAL 1080 1920 1526.9 540 960 0.0315677
764 SIMPLE_RADIAL 1080 1920 1486.86 540 960 0.0234787
765 SIMPLE_RADIAL 1080 1920 1517.41 540 960 0.0260737
766 SIMPLE_RADIAL 1080 1920 1529.18 540 960 0.0176501
767 SIMPLE_RADIAL 1080 1920 1517.35 540 960 0.0325195
768 SIMPLE_RADIAL 1080 1920 1498.77 540 960 0.0180657
769 SIMPLE_RADIAL 1080 1920 1515.49 540 960 0.0290961
770 SIMPLE_RADIAL 1080 1920 1552.5 540 960 -0.00421078
771 SIMPLE_RADIAL 1080 1920 1507.63 540 960 0.0393976
772 SIMPLE_RADIAL 1080 1920 1428.8 540 960 0.0197305
773 SIMPLE_RADIAL 1080 1920 1547.75 540 960 0.0357518
774 SIMPLE_RADIAL 1080 1920 1533.54 540 960 -0.00587204
775 SIMPLE_RADIAL 1080 1920 1509.58 540 960 0.0368759
776 SIMPLE_RADIAL 1080 1920 1502.97 540 960 0.0195154
777 SIMPLE_RADIAL 1080 1920 1562.14 540 960 0.0404461
778 SIMPLE_RADIAL 1080 1920 1517.11 540 960 0.0126078
779 SIMPLE_RADIAL 1080 1920 1505.91 540 960 0.0421074
780 SIMPLE_RADIAL 1080 1920 1498.44 540 960 0.0214729
781 SIMPLE_RADIAL 1080 1920 1553.38 540 960 0.0335815
782 SIMPLE_RADIAL 1080 1920 1516.02 540 960 0.0115821
783 SIMPLE_RADIAL 1080 1920 1513.47 540 960 0.0248596
784 SIMPLE_RADIAL 1080 1920 1572.12 540 960 0.0269581
785 SIMPLE_RADIAL 1080 1920 1534.32 540 960 0.0219129
786 SIMPLE_RADIAL 1080 1920 1517.5 540 960 0.0200571
787 SIMPLE_RADIAL 1080 1920 1518.19 540 960 0.0272339
788 SIMPLE_RADIAL 1080 1920 1467.38 540 960 0.0220264
789 SIMPLE_RADIAL 1080 1920 1515.97 540 960 0.0179465
790 SIMPLE_RADIAL 1080 1920 1517.5 540 960 0.0159406
791 SIMPLE_RADIAL 1080 1920 1512.97 540 960 0.0286865
792 SIMPLE_RADIAL 1080 1920 1493.92 540 960 0.0228441
793 SIMPLE_RADIAL 1080 1920 1526.38 540 960 0.00787512
794 SIMPLE_RADIAL 1080 1920 1518.72 540 960 0.0160798
795 SIMPLE_RADIAL 1080 1920 1511.32 540 960 0.0251714
796 SIMPLE_RADIAL 1080 1920 1587.95 540 960 0.0291343
797 SIMPLE_RADIAL 1080 1920 1531.11 540 960 0.00957604
798 SIMPLE_RADIAL 1080 1920 1518.69 540 960 0.0177165
799 SIMPLE_RADIAL 1080 1920 1513 540 960 0.0241574
800 SIMPLE_RADIAL 1080 1920 1532.95 540 960 0.0278486
801 SIMPLE_RADIAL 1080 1920 1524.33 540 960 0.00367148
802 SIMPLE_RADIAL 1080 1920 1523.97 540 960 0.0219709
803 SIMPLE_RADIAL 1080 1920 1509.46 540 960 0.0248108
804 SIMPLE_RADIAL 1080 1920 1556.71 540 960 0.0267274
805 SIMPLE_RADIAL 1080 1920 1507.58 540 960 0.00411264
806 SIMPLE_RADIAL 1080 1920 1514.26 540 960 0.0132847
807 SIMPLE_RADIAL 1080 1920 1516.97 540 960 0.0244422
808 SIMPLE_RADIAL 1080 1920 1498.52 540 960 0.0260443
809 SIMPLE_RADIAL 1080 1920 1514.85 540 960 0.0168895
810 SIMPLE_RADIAL 1080 1920 1509.73 540 960 0.00402917
811 SIMPLE_RADIAL 1080 1920 1572.18 540 960 0.0317407
812 SIMPLE_RADIAL 1080 1920 1522.39 540 960 0.0274435
813 SIMPLE_RADIAL 1080 1920 1539.21 540 960 0.0289986
814 SIMPLE_RADIAL 1080 1920 1523 540 960 0.0167335
815 SIMPLE_RADIAL 1080 1920 1547.19 540 960 0.0315707
816 SIMPLE_RADIAL 1080 1920 1512.29 540 960 0.0281312
817 SIMPLE_RADIAL 1080 1920 1502.27 540 960 0.0265174
818 SIMPLE_RADIAL 1080 1920 1519.76 540 960 0.0197954
819 SIMPLE_RADIAL 1080 1920 1580.26 540 960 0.0302773
820 SIMPLE_RADIAL 1080 1920 1519.61 540 960 0.0303454
821 SIMPLE_RADIAL 1080 1920 1517.51 540 960 0.0219368
822 SIMPLE_RADIAL 1080 1920 1527.62 540 960 0.021275
823 SIMPLE_RADIAL 1080 1920 1571.75 540 960 0.0360386
824 SIMPLE_RADIAL 1080 1920 1495.79 540 960 0.0321652
825 SIMPLE_RADIAL 1080 1920 1537.6 540 960 0.017759
826 SIMPLE_RADIAL 1080 1920 1515.76 540 960 0.0185648
827 SIMPLE_RADIAL 1080 1920 1545.4 540 960 0.0331259
828 SIMPLE_RADIAL 1080 1920 1490.34 540 960 0.0261643
829 SIMPLE_RADIAL 1080 1920 1527.18 540 960 0.0437546
830 SIMPLE_RADIAL 1080 1920 1503.64 540 960 0.0120179
831 SIMPLE_RADIAL 1080 1920 1545.72 540 960 0.0385749
832 SIMPLE_RADIAL 1080 1920 1520.96 540 960 0.0229354
833 SIMPLE_RADIAL 1080 1920 1546.99 540 960 0.0342537
834 SIMPLE_RADIAL 1080 1920 1511.36 540 960 0.025049
835 SIMPLE_RADIAL 1080 1920 1589.55 540 960 0.0278656
836 SIMPLE_RADIAL 1080 1920 1527.57 540 960 0.0241202
837 SIMPLE_RADIAL 1080 1920 1527.46 540 960 0.0202136
838 SIMPLE_RADIAL 1080 1920 1524.49 540 960 0.0273452
839 SIMPLE_RADIAL 1080 1920 1517.68 540 960 0.0408274
840 SIMPLE_RADIAL 1080 1920 1523.65 540 960 0.0272528
841 SIMPLE_RADIAL 1080 1920 1516.93 540 960 0.0102179
842 SIMPLE_RADIAL 1080 1920 1530.03 540 960 0.0258833
843 SIMPLE_RADIAL 1080 1920 1546.35 540 960 0.0336601
844 SIMPLE_RADIAL 1080 1920 1520.38 540 960 0.0288574
845 SIMPLE_RADIAL 1080 1920 1527.47 540 960 0.00928311
846 SIMPLE_RADIAL 1080 1920 1474.62 540 960 0.0242523
847 SIMPLE_RADIAL 1080 1920 1508.79 540 960 0.0312155
848 SIMPLE_RADIAL 1080 1920 1515.03 540 960 0.0268908
849 SIMPLE_RADIAL 1080 1920 1519.74 540 960 0.0171512
850 SIMPLE_RADIAL 1080 1920 1522.88 540 960 0.0331419
851 SIMPLE_RADIAL 1080 1920 1533.11 540 960 0.0224415
852 SIMPLE_RADIAL 1080 1920 1516.7 540 960 0.0258759
853 SIMPLE_RADIAL 1080 1920 1530.47 540 960 0.010621
854 SIMPLE_RADIAL 1080 1920 1527.18 540 960 0.0323858
855 SIMPLE_RADIAL 1080 1920 1525.96 540 960 0.0346379
856 SIMPLE_RADIAL 1080 1920 1531.15 540 960 0.0228228
857 SIMPLE_RADIAL 1080 1920 1525.87 540 960 0.0130182
858 SIMPLE_RADIAL 1080 1920 1525.37 540 960 0.0345797
859 SIMPLE_RADIAL 1080 1920 1534.42 540 960 0.0477418
860 SIMPLE_RADIAL 1080 1920 1512.42 540 960 0.0306462
861 SIMPLE_RADIAL 1080 1920 1518.34 540 960 0.0174061
862 SIMPLE_RADIAL 1080 1920 1517.05 540 960 0.0333692
863 SIMPLE_RADIAL 1080 1920 1526.94 540 960 0.0191468
864 SIMPLE_RADIAL 1080 1920 1518.73 540 960 0.0322467
865 SIMPLE_RADIAL 1080 1920 1530.55 540 960 0.00824235
866 SIMPLE_RADIAL 1080 1920 1518.78 540 960 0.0253941
867 SIMPLE_RADIAL 1080 1920 1519.65 540 960 0.0225723
868 SIMPLE_RADIAL 1080 1920 1528.27 540 960 0.028842
869 SIMPLE_RADIAL 1080 1920 1530.08 540 960 0.00901831
870 SIMPLE_RADIAL 1080 1920 1525.74 540 960 0.0175516
871 SIMPLE_RADIAL 1080 1920 1514.21 540 960 0.0233565
872 SIMPLE_RADIAL 1080 1920 1531.24 540 960 0.0287604
873 SIMPLE_RADIAL 1080 1920 1521.09 540 960 0.0164318
874 SIMPLE_RADIAL 1080 1920 1524.53 540 960 0.0187532
875 SIMPLE_RADIAL 1080 1920 1512.35 540 960 0.0234383
876 SIMPLE_RADIAL 1080 1920 1541.82 540 960 0.0297718
877 SIMPLE_RADIAL 1080 1920 1521.68 540 960 0.0175175
878 SIMPLE_RADIAL 1080 1920 1528.14 540 960 0.0200372
879 SIMPLE_RADIAL 1080 1920 1507.9 540 960 0.0297709
880 SIMPLE_RADIAL 1080 1920 1528.27 540 960 0.0333274
881 SIMPLE_RADIAL 1080 1920 1523.55 540 960 0.022221
882 SIMPLE_RADIAL 1080 1920 1525.29 540 960 0.025919
883 SIMPLE_RADIAL 1080 1920 1505.29 540 960 0.0436141
884 SIMPLE_RADIAL 1080 1920 1523.59 540 960 0.0306265
885 SIMPLE_RADIAL 1080 1920 1517.59 540 960 0.0243481
886 SIMPLE_RADIAL 1080 1920 1525.39 540 960 0.0300588
887 SIMPLE_RADIAL 1080 1920 1506.86 540 960 0.0364592
888 SIMPLE_RADIAL 1080 1920 1513.75 540 960 0.0270223
889 SIMPLE_RADIAL 1080 1920 1511.91 540 960 0.0311374
890 SIMPLE_RADIAL 1080 1920 1524.52 540 960 0.0357995
891 SIMPLE_RADIAL 1080 1920 1510.71 540 960 0.0323897
892 SIMPLE_RADIAL 1080 1920 1533.56 540 960 0.0237775
893 SIMPLE_RADIAL 1080 1920 1524.14 540 960 0.016651
894 SIMPLE_RADIAL 1080 1920 1524.45 540 960 0.0423395
895 SIMPLE_RADIAL 1080 1920 1506.28 540 960 0.0377061
896 SIMPLE_RADIAL 1080 1920 1541.32 540 960 0.0206203
897 SIMPLE_RADIAL 1080 1920 1511.29 540 960 0.0216885
898 SIMPLE_RADIAL 1080 1920 1526.13 540 960 0.0367459
899 SIMPLE_RADIAL 1080 1920 1520.07 540 960 0.0322595
900 SIMPLE_RADIAL 1080 1920 1556.75 540 960 0.0184114
901 SIMPLE_RADIAL 1080 1920 1538.83 540 960 0.00820788
902 SIMPLE_RADIAL 1080 1920 1526.94 540 960 0.031033
903 SIMPLE_RADIAL 1080 1920 1485.91 540 960 0.040453
904 SIMPLE_RADIAL 1080 1920 1546.31 540 960 0.0237031
905 SIMPLE_RADIAL 1080 1920 1510.25 540 960 0.0328261
906 SIMPLE_RADIAL 1080 1920 1521.97 540 960 0.0344058
907 SIMPLE_RADIAL 1080 1920 1493.08 540 960 0.0323606
908 SIMPLE_RADIAL 1080 1920 1550.61 540 960 0.0253614
909 SIMPLE_RADIAL 1080 1920 1509 540 960 0.0380589
910 SIMPLE_RADIAL 1080 1920 1522.68 540 960 0.0434642
911 SIMPLE_RADIAL 1080 1920 1493.83 540 960 0.0200801
912 SIMPLE_RADIAL 1080 1920 1547.54 540 960 0.0312235
913 SIMPLE_RADIAL 1080 1920 1515.51 540 960 0.0286987
914 SIMPLE_RADIAL 1080 1920 1526.97 540 960 0.0418182
915 SIMPLE_RADIAL 1080 1920 1497.6 540 960 0.0192438
916 SIMPLE_RADIAL 1080 1920 1541.97 540 960 0.0313975
917 SIMPLE_RADIAL 1080 1920 1521.16 540 960 0.0253632
918 SIMPLE_RADIAL 1080 1920 1519.6 540 960 0.038837
919 SIMPLE_RADIAL 1080 1920 1500.26 540 960 0.0187772
920 SIMPLE_RADIAL 1080 1920 1536.21 540 960 0.0295391
921 SIMPLE_RADIAL 1080 1920 1530.23 540 960 0.0221096
922 SIMPLE_RADIAL 1080 1920 1526.7 540 960 0.0317847
923 SIMPLE_RADIAL 1080 1920 1490.86 540 960 0.018544
924 SIMPLE_RADIAL 1080 1920 1523.81 540 960 0.0284961
925 SIMPLE_RADIAL 1080 1920 1527.64 540 960 0.0244557
926 SIMPLE_RADIAL 1080 1920 1526.13 540 960 0.0327153
927 SIMPLE_RADIAL 1080 1920 1529.96 540 960 0.0222107
928 SIMPLE_RADIAL 1080 1920 1526.18 540 960 0.0317007
929 SIMPLE_RADIAL 1080 1920 1529.1 540 960 0.0203226
930 SIMPLE_RADIAL 1080 1920 1523.88 540 960 0.0350604
931 SIMPLE_RADIAL 1080 1920 1564.01 540 960 0.0282592
932 SIMPLE_RADIAL 1080 1920 1526.4 540 960 0.0329345
933 SIMPLE_RADIAL 1080 1920 1533.96 540 960 0.0110633
934 SIMPLE_RADIAL 1080 1920 1522.75 540 960 0.0366713
935 SIMPLE_RADIAL 1080 1920 1624.95 540 960 0.0329805
936 SIMPLE_RADIAL 1080 1920 1528.12 540 960 0.0325212
937 SIMPLE_RADIAL 1080 1920 1534.43 540 960 0.00724798
938 SIMPLE_RADIAL 1080 1920 1522.76 540 960 0.0316796
939 SIMPLE_RADIAL 1080 1920 1546.7 540 960 0.0321763
940 SIMPLE_RADIAL 1080 1920 1531.2 540 960 0.02973
941 SIMPLE_RADIAL 1080 1920 1525.69 540 960 0.00894186
942 SIMPLE_RADIAL 1080 1920 1523.74 540 960 0.035892
943 SIMPLE_RADIAL 1080 1920 1527 540 960 0.0273638
944 SIMPLE_RADIAL 1080 1920 1530 540 960 0.0220059
945 SIMPLE_RADIAL 1080 1920 1543.19 540 960 0.000604507
946 SIMPLE_RADIAL 1080 1920 1526.23 540 960 0.0439748
947 SIMPLE_RADIAL 1080 1920 1499.12 540 960 0.0512238
948 SIMPLE_RADIAL 1080 1920 1526.49 540 960 0.0287603
949 SIMPLE_RADIAL 1080 1920 1561.1 540 960 -0.00531444
950 SIMPLE_RADIAL 1080 1920 1519 540 960 0.0407469
951 SIMPLE_RADIAL 1080 1920 1540.29 540 960 0.0330537
952 SIMPLE_RADIAL 1080 1920 1525.69 540 960 0.030636
953 SIMPLE_RADIAL 1080 1920 1567.56 540 960 -0.00861888
954 SIMPLE_RADIAL 1080 1920 1521.89 540 960 0.0317571
955 SIMPLE_RADIAL 1080 1920 1499.4 540 960 0.0304332
956 SIMPLE_RADIAL 1080 1920 1527 540 960 0.0290379
957 SIMPLE_RADIAL 1080 1920 1565.04 540 960 -0.00693295
958 SIMPLE_RADIAL 1080 1920 1535.19 540 960 0.0245306
959 SIMPLE_RADIAL 1080 1920 1545.72 540 960 0.0327909
960 SIMPLE_RADIAL 1080 1920 1530.29 540 960 0.0217492
961 SIMPLE_RADIAL 1080 1920 1569.22 540 960 -0.00833839
962 SIMPLE_RADIAL 1080 1920 1523.9 540 960 0.0301145
963 SIMPLE_RADIAL 1080 1920 1573.91 540 960 0.0333506
964 SIMPLE_RADIAL 1080 1920 1532.88 540 960 0.021598
965 SIMPLE_RADIAL 1080 1920 1528.34 540 960 0.00440515
966 SIMPLE_RADIAL 1080 1920 1523.76 540 960 0.0283855
967 SIMPLE_RADIAL 1080 1920 1545.88 540 960 0.0320366
968 SIMPLE_RADIAL 1080 1920 1526.98 540 960 0.0283404
969 SIMPLE_RADIAL 1080 1920 1560.42 540 960 0.00160587
970 SIMPLE_RADIAL 1080 1920 1516.08 540 960 0.0324811
971 SIMPLE_RADIAL 1080 1920 1529.97 540 960 0.0348996
972 SIMPLE_RADIAL 1080 1920 1521.87 540 960 0.0248977
973 SIMPLE_RADIAL 1080 1920 1524.5 540 960 0.00968465
974 SIMPLE_RADIAL 1080 1920 1521.69 540 960 0.0259262
975 SIMPLE_RADIAL 1080 1920 1546.17 540 960 0.0302148
976 SIMPLE_RADIAL 1080 1920 1528.58 540 960 0.0204526
977 SIMPLE_RADIAL 1080 1920 1532.28 540 960 0.00684491
978 SIMPLE_RADIAL 1080 1920 1521.4 540 960 0.0232626
979 SIMPLE_RADIAL 1080 1920 1543.8 540 960 0.0323946
980 SIMPLE_RADIAL 1080 1920 1537.58 540 960 0.0142394
981 SIMPLE_RADIAL 1080 1920 1531.31 540 960 0.00579027
982 SIMPLE_RADIAL 1080 1920 1521.54 540 960 0.0234568
983 SIMPLE_RADIAL 1080 1920 1529.04 540 960 0.0301871
984 SIMPLE_RADIAL 1080 1920 1544.17 540 960 0.00414057
985 SIMPLE_RADIAL 1080 1920 1528.46 540 960 0.00834286
986 SIMPLE_RADIAL 1080 1920 1524.51 540 960 0.0241996
987 SIMPLE_RADIAL 1080 1920 1506.1 540 960 0.0324115
988 SIMPLE_RADIAL 1080 1920 1529.33 540 960 0.022496
989 SIMPLE_RADIAL 1080 1920 1558.85 540 960 0.0313963
990 SIMPLE_RADIAL 1080 1920 1523.14 540 960 0.0245337
991 SIMPLE_RADIAL 1080 1920 1510.51 540 960 0.0312629
992 SIMPLE_RADIAL 1080 1920 1532.46 540 960 0.020569
993 SIMPLE_RADIAL 1080 1920 1535.92 540 960 0.0103097
994 SIMPLE_RADIAL 1080 1920 1512.34 540 960 0.0257293
995 SIMPLE_RADIAL 1080 1920 1513.67 540 960 0.0315399
996 SIMPLE_RADIAL 1080 1920 1529.97 540 960 0.0251737
997 SIMPLE_RADIAL 1080 1920 1500.85 540 960 0.00317501
998 SIMPLE_RADIAL 1080 1920 1528.89 540 960 0.0260965
999 SIMPLE_RADIAL 1080 1920 1520.89 540 960 0.0371466
1000 SIMPLE_RADIAL 1080 1920 1532.41 540 960 0.0216247
1001 SIMPLE_RADIAL 1080 1920 1506.29 540 960 0.019995
1002 SIMPLE_RADIAL 1080 1920 1525.8 540 960 0.0271175
1003 SIMPLE_RADIAL 1080 1920 1510.2 540 960 0.0383426
1004 SIMPLE_RADIAL 1080 1920 1529.03 540 960 0.0305287
1005 SIMPLE_RADIAL 1080 1920 1507.42 540 960 0.0296994
1006 SIMPLE_RADIAL 1080 1920 1524.56 540 960 0.0264748
1007 SIMPLE_RADIAL 1080 1920 1528.97 540 960 0.0306933
1008 SIMPLE_RADIAL 1080 1920 1524.85 540 960 0.0247415
1009 SIMPLE_RADIAL 1080 1920 1517.35 540 960 0.0194057
1010 SIMPLE_RADIAL 1080 1920 1522.43 540 960 0.0231737
1011 SIMPLE_RADIAL 1080 1920 1516.82 540 960 0.034448
1012 SIMPLE_RADIAL 1080 1920 1524.85 540 960 0.0283923
1013 SIMPLE_RADIAL 1080 1920 1519.77 540 960 0.0190856
1014 SIMPLE_RADIAL 1080 1920 1532.11 540 960 0.0295724
1015 SIMPLE_RADIAL 1080 1920 1515.41 540 960 0.0340461
1016 SIMPLE_RADIAL 1080 1920 1524.83 540 960 0.0293576
1017 SIMPLE_RADIAL 1080 1920 1514.45 540 960 0.0222039
1018 SIMPLE_RADIAL 1080 1920 1518.43 540 960 0.0257557
1019 SIMPLE_RADIAL 1080 1920 1534.08 540 960 0.0393061
1020 SIMPLE_RADIAL 1080 1920 1522.55 540 960 0.0318087
1021 SIMPLE_RADIAL 1080 1920 1514.98 540 960 0.0298556
1022 SIMPLE_RADIAL 1080 1920 1516.82 540 960 0.023553
1023 SIMPLE_RADIAL 1080 1920 1491.92 540 960 0.0328865
1024 SIMPLE_RADIAL 1080 1920 1527.64 540 960 0.0285292
1025 SIMPLE_RADIAL 1080 1920 1512 540 960 0.0386056
1026 SIMPLE_RADIAL 1080 1920 1522.64 540 960 0.0244351
1027 SIMPLE_RADIAL 1080 1920 1549.34 540 960 0.0305485
1028 SIMPLE_RADIAL 1080 1920 1514.08 540 960 0.0269404
1029 SIMPLE_RADIAL 1080 1920 1538.78 540 960 0.0353275
1030 SIMPLE_RADIAL 1080 1920 1528.92 540 960 0.0252502
1031 SIMPLE_RADIAL 1080 1920 1530.35 540 960 0.0267265
1032 SIMPLE_RADIAL 1080 1920 1528.06 540 960 0.0268231
1033 SIMPLE_RADIAL 1080 1920 1542.46 540 960 0.0399103
1034 SIMPLE_RADIAL 1080 1920 1512.95 540 960 0.0177223
1035 SIMPLE_RADIAL 1080 1920 1484.97 540 960 0.017495
1036 SIMPLE_RADIAL 1080 1920 1524.96 540 960 0.0297505
1037 SIMPLE_RADIAL 1080 1920 1558.63 540 960 0.0423229
1038 SIMPLE_RADIAL 1080 1920 1523.84 540 960 0.0255114
1039 SIMPLE_RADIAL 1080 1920 1504.49 540 960 0.039908
1040 SIMPLE_RADIAL 1080 1920 1541.97 540 960 0.0262594
1041 SIMPLE_RADIAL 1080 1920 1545.09 540 960 0.0182407
1042 SIMPLE_RADIAL 1080 1920 1513.96 540 960 0.0225224
1043 SIMPLE_RADIAL 1080 1920 1534.15 540 960 0.0402015
1044 SIMPLE_RADIAL 1080 1920 1514.6 540 960 0.0171365
1045 SIMPLE_RADIAL 1080 1920 1578.08 540 960 0.0107135
1046 SIMPLE_RADIAL 1080 1920 1520.77 540 960 0.0288095
1047 SIMPLE_RADIAL 1080 1920 1526.59 540 960 0.0357505
1048 SIMPLE_RADIAL 1080 1920 1525.01 540 960 0.0176657
1049 SIMPLE_RADIAL 1080 1920 1553.07 540 960 0.0123056
1050 SIMPLE_RADIAL 1080 1920 1524.75 540 960 0.028317
1051 SIMPLE_RADIAL 1080 1920 1551.46 540 960 0.0456833
1052 SIMPLE_RADIAL 1080 1920 1518.35 540 960 0.0150295
1053 SIMPLE_RADIAL 1080 1920 1515.5 540 960 0.0155776
1054 SIMPLE_RADIAL 1080 1920 1520.09 540 960 0.0246374
1055 SIMPLE_RADIAL 1080 1920 1526.52 540 960 0.0222626
1056 SIMPLE_RADIAL 1080 1920 1520.29 540 960 0.0147001
1057 SIMPLE_RADIAL 1080 1920 1516.76 540 960 0.0183524
1058 SIMPLE_RADIAL 1080 1920 1526.73 540 960 0.0268611
1059 SIMPLE_RADIAL 1080 1920 1527.67 540 960 0.0250469
1060 SIMPLE_RADIAL 1080 1920 1527.32 540 960 0.013038
1061 SIMPLE_RADIAL 1080 1920 1528.54 540 960 0.0181392
1062 SIMPLE_RADIAL 1080 1920 1522.06 540 960 0.0220171
1063 SIMPLE_RADIAL 1080 1920 1526.97 540 960 0.0253966
1064 SIMPLE_RADIAL 1080 1920 1508.88 540 960 0.00924945
1065 SIMPLE_RADIAL 1080 1920 1554.51 540 960 0.0137413
1066 SIMPLE_RADIAL 1080 1920 1523.1 540 960 0.0230928
1067 SIMPLE_RADIAL 1080 1920 1517.34 540 960 0.0285773
1068 SIMPLE_RADIAL 1080 1920 1531.37 540 960 0.0155429
1069 SIMPLE_RADIAL 1080 1920 1535.43 540 960 0.0154648
1070 SIMPLE_RADIAL 1080 1920 1517.97 540 960 0.0287569
1071 SIMPLE_RADIAL 1080 1920 1506.18 540 960 0.0230408
1072 SIMPLE_RADIAL 1080 1920 1533.48 540 960 0.018607
1073 SIMPLE_RADIAL 1080 1920 1501.63 540 960 0.0187351
1074 SIMPLE_RADIAL 1080 1920 1530.57 540 960 0.0322509
1075 SIMPLE_RADIAL 1080 1920 1510.16 540 960 0.0254944
1076 SIMPLE_RADIAL 1080 1920 1520.29 540 960 0.0169918
1077 SIMPLE_RADIAL 1080 1920 1490.21 540 960 0.0257629
1078 SIMPLE_RADIAL 1080 1920 1524.69 540 960 0.0283338
1079 SIMPLE_RADIAL 1080 1920 1479.92 540 960 0.0282109
1080 SIMPLE_RADIAL 1080 1920 1521.86 540 960 0.0129049
1081 SIMPLE_RADIAL 1080 1920 1517.7 540 960 0.0210815
1082 SIMPLE_RADIAL 1080 1920 1520.62 540 960 0.0290278
1083 SIMPLE_RADIAL 1080 1920 1526.68 540 960 0.0329993
1084 SIMPLE_RADIAL 1080 1920 1527.77 540 960 0.0200656
1085 SIMPLE_RADIAL 1080 1920 1520.83 540 960 0.0220585
1086 SIMPLE_RADIAL 1080 1920 1520.22 540 960 0.0302293
1087 SIMPLE_RADIAL 1080 1920 1492.13 540 960 0.0361673
1088 SIMPLE_RADIAL 1080 1920 1520.45 540 960 0.018991
1089 SIMPLE_RADIAL 1080 1920 1445.22 540 960 0.0200854
1090 SIMPLE_RADIAL 1080 1920 1522.58 540 960 0.0316077
1091 SIMPLE_RADIAL 1080 1920 1519.95 540 960 0.0335474
1092 SIMPLE_RADIAL 1080 1920 1523.65 540 960 0.0227264
1093 SIMPLE_RADIAL 1080 1920 1500.86 540 960 0.0243091
1094 SIMPLE_RADIAL 1080 1920 1525.47 540 960 0.0293715
1095 SIMPLE_RADIAL 1080 1920 1521.98 540 960 0.0331415
1096 SIMPLE_RADIAL 1080 1920 1522.56 540 960 0.0212955
1097 SIMPLE_RADIAL 1080 1920 1525.42 540 960 0.0247893
1098 SIMPLE_RADIAL 1080 1920 1524.99 540 960 0.0346258
1099 SIMPLE_RADIAL 1080 1920 1532.22 540 960 0.0338572
1100 SIMPLE_RADIAL 1080 1920 1520.65 540 960 0.0128226
1101 SIMPLE_RADIAL 1080 1920 1522.35 540 960 0.0229074
1102 SIMPLE_RADIAL 1080 1920 1521.22 540 960 0.0390525
1103 SIMPLE_RADIAL 1080 1920 1541.27 540 960 0.0326576
1104 SIMPLE_RADIAL 1080 1920 1522.18 540 960 0.0155673
1105 SIMPLE_RADIAL 1080 1920 1529.16 540 960 0.0206487
1106 SIMPLE_RADIAL 1080 1920 1521.02 540 960 0.0310488
1107 SIMPLE_RADIAL 1080 1920 1529.63 540 960 0.0343512
1108 SIMPLE_RADIAL 1080 1920 1522.24 540 960 0.0219233
1109 SIMPLE_RADIAL 1080 1920 1517.7 540 960 0.0168747
1110 SIMPLE_RADIAL 1080 1920 1511.97 540 960 -0.017319
1111 SIMPLE_RADIAL 1080 1920 1518 540 960 0.0335544
1112 SIMPLE_RADIAL 1080 1920 1522.19 540 960 0.0210504
1113 SIMPLE_RADIAL 1080 1920 1562.26 540 960 0.00345916
1114 SIMPLE_RADIAL 1080 1920 1530.86 540 960 -0.029803
1115 SIMPLE_RADIAL 1080 1920 1530.9 540 960 0.0329551
1116 SIMPLE_RADIAL 1080 1920 1523.65 540 960 0.0219665
1117 SIMPLE_RADIAL 1080 1920 1554.66 540 960 0.00893524
1119 SIMPLE_RADIAL 1080 1920 1542.63 540 960 0.0328142
1120 SIMPLE_RADIAL 1080 1920 1528.59 540 960 0.0277241
1121 SIMPLE_RADIAL 1080 1920 1562.6 540 960 0.00690293
1123 SIMPLE_RADIAL 1080 1920 1516.69 540 960 0.0331224
1124 SIMPLE_RADIAL 1080 1920 1523.06 540 960 0.0311109
1125 SIMPLE_RADIAL 1080 1920 1524.46 540 960 0.00422377
1127 SIMPLE_RADIAL 1080 1920 1541.08 540 960 0.0305084
1128 SIMPLE_RADIAL 1080 1920 1521.96 540 960 0.0173249
1129 SIMPLE_RADIAL 1080 1920 1454.91 540 960 0.00293417
1131 SIMPLE_RADIAL 1080 1920 1511.23 540 960 0.0243626
1132 SIMPLE_RADIAL 1080 1920 1523.44 540 960 0.0172977
1133 SIMPLE_RADIAL 1080 1920 1518.41 540 960 0.0086304
1135 SIMPLE_RADIAL 1080 1920 1529.05 540 960 0.0290105
1136 SIMPLE_RADIAL 1080 1920 1529.91 540 960 0.0245942
1137 SIMPLE_RADIAL 1080 1920 1554.74 540 960 0.0102962
1139 SIMPLE_RADIAL 1080 1920 1521.67 540 960 0.0300134
1140 SIMPLE_RADIAL 1080 1920 1523.99 540 960 0.0125794
1141 SIMPLE_RADIAL 1080 1920 1537.52 540 960 0.0149629
1143 SIMPLE_RADIAL 1080 1920 1517.26 540 960 0.0280684
1144 SIMPLE_RADIAL 1080 1920 1523.64 540 960 0.00988771
1145 SIMPLE_RADIAL 1080 1920 1513.31 540 960 0.0220406
1147 SIMPLE_RADIAL 1080 1920 1509.58 540 960 0.0270244
1148 SIMPLE_RADIAL 1080 1920 1523.63 540 960 0.0118984
1149 SIMPLE_RADIAL 1080 1920 1506.92 540 960 0.0242351
1151 SIMPLE_RADIAL 1080 1920 1514.69 540 960 0.0326131
1152 SIMPLE_RADIAL 1080 1920 1522.53 540 960 0.0198441
1153 SIMPLE_RADIAL 1080 1920 1513.46 540 960 0.0194747
1155 SIMPLE_RADIAL 1080 1920 1527.03 540 960 0.0368838
1156 SIMPLE_RADIAL 1080 1920 1522.5 540 960 0.0167877
1157 SIMPLE_RADIAL 1080 1920 1532.92 540 960 0.0249427
1159 SIMPLE_RADIAL 1080 1920 1524.95 540 960 0.0422108
1160 SIMPLE_RADIAL 1080 1920 1522.35 540 960 0.0138761
1161 SIMPLE_RADIAL 1080 1920 1519.39 540 960 0.0319198
1163 SIMPLE_RADIAL 1080 1920 1523.79 540 960 0.0344946
1164 SIMPLE_RADIAL 1080 1920 1522.13 540 960 0.0194323
1165 SIMPLE_RADIAL 1080 1920 1518.52 540 960 0.0283857
1167 SIMPLE_RADIAL 1080 1920 1525.7 540 960 0.0469256
1168 SIMPLE_RADIAL 1080 1920 1521.9 540 960 0.0203081
1169 SIMPLE_RADIAL 1080 1920 1517.9 540 960 0.0258743
1171 SIMPLE_RADIAL 1080 1920 1524 540 960 0.0370846
1172 SIMPLE_RADIAL 1080 1920 1523.61 540 960 0.017065
1173 SIMPLE_RADIAL 1080 1920 1527.99 540 960 0.0280683
1175 SIMPLE_RADIAL 1080 1920 1523.52 540 960 0.0380949
1176 SIMPLE_RADIAL 1080 1920 1523.29 540 960 0.0149613
1177 SIMPLE_RADIAL 1080 1920 1528.46 540 960 0.0288283
1179 SIMPLE_RADIAL 1080 1920 1525.18 540 960 0.0319853
1180 SIMPLE_RADIAL 1080 1920 1523.2 540 960 0.0149967
1181 SIMPLE_RADIAL 1080 1920 1522.23 540 960 0.0319127
1183 SIMPLE_RADIAL 1080 1920 1526.63 540 960 0.038913
1184 SIMPLE_RADIAL 1080 1920 1523.12 540 960 0.0157218
1185 SIMPLE_RADIAL 1080 1920 1520.96 540 960 0.0408034
1187 SIMPLE_RADIAL 1080 1920 1523.45 540 960 0.044152
1188 SIMPLE_RADIAL 1080 1920 1524.63 540 960 0.0162808
1189 SIMPLE_RADIAL 1080 1920 1523.6 540 960 0.0420702
1191 SIMPLE_RADIAL 1080 1920 1524.69 540 960 0.0448044
1192 SIMPLE_RADIAL 1080 1920 1524.29 540 960 0.0195527
1193 SIMPLE_RADIAL 1080 1920 1529.87 540 960 0.0239093
1195 SIMPLE_RADIAL 1080 1920 1526.14 540 960 0.0398074
1196 SIMPLE_RADIAL 1080 1920 1522.38 540 960 0.0222302
1197 SIMPLE_RADIAL 1080 1920 1532.07 540 960 0.0175675
1199 SIMPLE_RADIAL 1080 1920 1525.28 540 960 0.0404591
1200 SIMPLE_RADIAL 1080 1920 1522.21 540 960 0.0178584
1201 SIMPLE_RADIAL 1080 1920 1522.24 540 960 0.0160227
1203 SIMPLE_RADIAL 1080 1920 1553.72 540 960 0.0452141
1204 SIMPLE_RADIAL 1080 1920 1521.33 540 960 0.0158394
1205 SIMPLE_RADIAL 1080 1920 1527.24 540 960 0.01371
1207 SIMPLE_RADIAL 1080 1920 1524.46 540 960 0.0309094
1208 SIMPLE_RADIAL 1080 1920 1524.74 540 960 0.00804535
1209 SIMPLE_RADIAL 1080 1920 1545.23 540 960 0.0133319
1211 SIMPLE_RADIAL 1080 1920 1521.08 540 960 0.0358339
1212 SIMPLE_RADIAL 1080 1920 1524.04 540 960 0.00972559
1213 SIMPLE_RADIAL 1080 1920 1567.31 540 960 0.0135842
1215 SIMPLE_RADIAL 1080 1920 1518.29 540 960 0.0402786
1216 SIMPLE_RADIAL 1080 1920 1523.79 540 960 0.0111889
1217 SIMPLE_RADIAL 1080 1920 1555.45 540 960 0.0122367
1219 SIMPLE_RADIAL 1080 1920 1526.42 540 960 0.0214275
1220 SIMPLE_RADIAL 1080 1920 1523.25 540 960 0.011371
1221 SIMPLE_RADIAL 1080 1920 1670.38 540 960 -0.00495912
1223 SIMPLE_RADIAL 1080 1920 1528.32 540 960 0.0211936
1224 SIMPLE_RADIAL 1080 1920 1522.5 540 960 0.0136728
1225 SIMPLE_RADIAL 1080 1920 1704.39 540 960 0.00351493
1227 SIMPLE_RADIAL 1080 1920 1527.58 540 960 0.0189146
1228 SIMPLE_RADIAL 1080 1920 1522.2 540 960 0.0148618
1229 SIMPLE_RADIAL 1080 1920 1542.53 540 960 0.00229309
1231 SIMPLE_RADIAL 1080 1920 1513.15 540 960 0.0165921
1232 SIMPLE_RADIAL 1080 1920 1522.49 540 960 0.0125535
1233 SIMPLE_RADIAL 1080 1920 1542.74 540 960 -0.00571952
1235 SIMPLE_RADIAL 1080 1920 1510.36 540 960 0.0245788
1236 SIMPLE_RADIAL 1080 1920 1522.21 540 960 0.0155149
1237 SIMPLE_RADIAL 1080 1920 1534.69 540 960 -0.00338297
1239 SIMPLE_RADIAL 1080 1920 1530.65 540 960 0.0302369
1240 SIMPLE_RADIAL 1080 1920 1522 540 960 0.0154828
1241 SIMPLE_RADIAL 1080 1920 1542.77 540 960 -0.00149406
1243 SIMPLE_RADIAL 1080 1920 1525.12 540 960 0.0289805
1244 SIMPLE_RADIAL 1080 1920 1524.55 540 960 0.0121273
1245 SIMPLE_RADIAL 1080 1920 1467.51 540 960 -0.0352037
1247 SIMPLE_RADIAL 1080 1920 1519.39 540 960 0.0272518
1248 SIMPLE_RADIAL 1080 1920 1525.47 540 960 0.0110478
1249 SIMPLE_RADIAL 1080 1920 1542.24 540 960 0.00622554
1251 SIMPLE_RADIAL 1080 1920 1517.64 540 960 0.0281043
1252 SIMPLE_RADIAL 1080 1920 1523.72 540 960 0.0201208
1253 SIMPLE_RADIAL 1080 1920 1538.04 540 960 -0.000691675
1255 SIMPLE_RADIAL 1080 1920 1535.71 540 960 0.0361514
1256 SIMPLE_RADIAL 1080 1920 1522.73 540 960 0.0203322
1257 SIMPLE_RADIAL 1080 1920 1527.67 540 960 0.00118705
1259 SIMPLE_RADIAL 1080 1920 1525.34 540 960 0.029406
1260 SIMPLE_RADIAL 1080 1920 1522.76 540 960 0.019491
1261 SIMPLE_RADIAL 1080 1920 1487.58 540 960 -0.0214224
1263 SIMPLE_RADIAL 1080 1920 1530.4 540 960 0.0310126
1264 SIMPLE_RADIAL 1080 1920 1525.7 540 960 0.0201087
1265 SIMPLE_RADIAL 1080 1920 1515.63 540 960 0.0139242
1267 SIMPLE_RADIAL 1080 1920 1528.67 540 960 0.0276497
1268 SIMPLE_RADIAL 1080 1920 1525.12 540 960 0.0193812
1269 SIMPLE_RADIAL 1080 1920 1524.45 540 960 0.0208094
1271 SIMPLE_RADIAL 1080 1920 1526.03 540 960 0.0278676
1272 SIMPLE_RADIAL 1080 1920 1526.22 540 960 0.0204955
1273 SIMPLE_RADIAL 1080 1920 1558.08 540 960 0.0101963
1275 SIMPLE_RADIAL 1080 1920 1522.08 540 960 0.0304614
1276 SIMPLE_RADIAL 1080 1920 1524.13 540 960 0.0218428
1277 SIMPLE_RADIAL 1080 1920 1512 540 960 0.0270814
1279 SIMPLE_RADIAL 1080 1920 1531.28 540 960 0.0295377
1280 SIMPLE_RADIAL 1080 1920 1522.93 540 960 0.0214026
1281 SIMPLE_RADIAL 1080 1920 1530.53 540 960 0.025168
1283 SIMPLE_RADIAL 1080 1920 1525.58 540 960 0.0262268
1284 SIMPLE_RADIAL 1080 1920 1524.26 540 960 0.0212363
1285 SIMPLE_RADIAL 1080 1920 1519.8 540 960 0.0231047
1287 SIMPLE_RADIAL 1080 1920 1533.92 540 960 0.0283825
1288 SIMPLE_RADIAL 1080 1920 1523.31 540 960 0.0214657
1289 SIMPLE_RADIAL 1080 1920 1521.54 540 960 0.0131004
1291 SIMPLE_RADIAL 1080 1920 1521.57 540 960 0.0272401
1292 SIMPLE_RADIAL 1080 1920 1523.19 540 960 0.0204265
1293 SIMPLE_RADIAL 1080 1920 1578.3 540 960 0.0241967
1295 SIMPLE_RADIAL 1080 1920 1522.33 540 960 0.0180345
1296 SIMPLE_RADIAL 1080 1920 1522.39 540 960 0.0207294
1297 SIMPLE_RADIAL 1080 1920 1530.58 540 960 0.0268855
1299 SIMPLE_RADIAL 1080 1920 1524.65 540 960 0.0151198
1300 SIMPLE_RADIAL 1080 1920 1529.53 540 960 0.0261635
1301 SIMPLE_RADIAL 1080 1920 1530.01 540 960 0.0244873
1303 SIMPLE_RADIAL 1080 1920 1528.83 540 960 0.0184547
1304 SIMPLE_RADIAL 1080 1920 1523.02 540 960 0.0317302
1305 SIMPLE_RADIAL 1080 1920 1517.12 540 960 0.0203539
1307 SIMPLE_RADIAL 1080 1920 1523.63 540 960 0.0193162
1308 SIMPLE_RADIAL 1080 1920 1535.6 540 960 0.0439448
1309 SIMPLE_RADIAL 1080 1920 1524.13 540 960 0.0177538
1311 SIMPLE_RADIAL 1080 1920 1532.16 540 960 0.0225545
1312 SIMPLE_RADIAL 1080 1920 1553.5 540 960 -0.00330718
1313 SIMPLE_RADIAL 1080 1920 1520 540 960 0.0183689
1315 SIMPLE_RADIAL 1080 1920 1532.17 540 960 0.021134
1316 SIMPLE_RADIAL 1080 1920 1646.52 540 960 -0.0235191
1317 SIMPLE_RADIAL 1080 1920 1523.98 540 960 0.0101395
1319 SIMPLE_RADIAL 1080 1920 1527.1 540 960 0.0210072
1320 SIMPLE_RADIAL 1080 1920 1720.47 540 960 0.147223
1321 SIMPLE_RADIAL 1080 1920 1535.7 540 960 0.0179922
1323 SIMPLE_RADIAL 1080 1920 1521.88 540 960 0.0221467
1324 SIMPLE_RADIAL 1080 1920 1701.6 540 960 0.0990096
1325 SIMPLE_RADIAL 1080 1920 1533.88 540 960 0.0174548
1327 SIMPLE_RADIAL 1080 1920 1524.95 540 960 0.0224888
1328 SIMPLE_RADIAL 1080 1920 1689.58 540 960 0.0859188
1329 SIMPLE_RADIAL 1080 1920 1527.28 540 960 0.0127291
1331 SIMPLE_RADIAL 1080 1920 1530.18 540 960 0.0237032
1332 SIMPLE_RADIAL 1080 1920 1823.88 540 960 0.083679
1333 SIMPLE_RADIAL 1080 1920 1529.68 540 960 0.0132036
1335 SIMPLE_RADIAL 1080 1920 1532.16 540 960 0.0228719
1336 SIMPLE_RADIAL 1080 1920 1896.76 540 960 0.079257
1337 SIMPLE_RADIAL 1080 1920 1535.13 540 960 0.0162461
1339 SIMPLE_RADIAL 1080 1920 1537.19 540 960 0.021427
1340 SIMPLE_RADIAL 1080 1920 1792.83 540 960 0.0806239
1341 SIMPLE_RADIAL 1080 1920 1549.03 540 960 0.0229963
1343 SIMPLE_RADIAL 1080 1920 1520.16 540 960 0.0218163
1344 SIMPLE_RADIAL 1080 1920 1961.19 540 960 0.0737471
1345 SIMPLE_RADIAL 1080 1920 1529.59 540 960 0.0238975
1347 SIMPLE_RADIAL 1080 1920 1526.12 540 960 0.022979
1348 SIMPLE_RADIAL 1080 1920 2115.72 540 960 0.368709
1349 SIMPLE_RADIAL 1080 1920 1523.46 540 960 0.0261971
1351 SIMPLE_RADIAL 1080 1920 1525.96 540 960 0.0206658
1352 SIMPLE_RADIAL 1080 1920 2168.13 540 960 0.376536
1353 SIMPLE_RADIAL 1080 1920 1511.85 540 960 0.0284712
1355 SIMPLE_RADIAL 1080 1920 1527.75 540 960 0.0227146
1356 SIMPLE_RADIAL 1080 1920 2238.86 540 960 0.395155
1357 SIMPLE_RADIAL 1080 1920 1507.53 540 960 0.0239542
1359 SIMPLE_RADIAL 1080 1920 1529.41 540 960 0.0201017
1360 SIMPLE_RADIAL 1080 1920 2722.86 540 960 0.409463
1361 SIMPLE_RADIAL 1080 1920 1506.59 540 960 0.0198487
1363 SIMPLE_RADIAL 1080 1920 1529.88 540 960 0.0176308
1364 SIMPLE_RADIAL 1080 1920 2726.22 540 960 0.387658
1365 SIMPLE_RADIAL 1080 1920 1495.68 540 960 0.00185985
1367 SIMPLE_RADIAL 1080 1920 1530.22 540 960 0.0173063
1368 SIMPLE_RADIAL 1080 1920 1686.64 540 960 0.0714954
1369 SIMPLE_RADIAL 1080 1920 1508.89 540 960 -0.0102292
1371 SIMPLE_RADIAL 1080 1920 1530.44 540 960 0.0167182
1372 SIMPLE_RADIAL 1080 1920 1713.44 540 960 0.0485604
1373 SIMPLE_RADIAL 1080 1920 1543.97 540 960 -0.0119054
1375 SIMPLE_RADIAL 1080 1920 1526.85 540 960 0.0144452
1376 SIMPLE_RADIAL 1080 1920 1747.76 540 960 0.0426973
1377 SIMPLE_RADIAL 1080 1920 1559.66 540 960 -0.00718577
1379 SIMPLE_RADIAL 1080 1920 1528.01 540 960 0.0162448
1380 SIMPLE_RADIAL 1080 1920 1782.14 540 960 0.0513257
1381 SIMPLE_RADIAL 1080 1920 1583.67 540 960 -0.0178409
1383 SIMPLE_RADIAL 1080 1920 1532.62 540 960 0.0151175
1384 SIMPLE_RADIAL 1080 1920 1803.63 540 960 0.0505779
1385 SIMPLE_RADIAL 1080 1920 1562.4 540 960 -0.010233
1387 SIMPLE_RADIAL 1080 1920 1526.11 540 960 0.0139021
1388 SIMPLE_RADIAL 1080 1920 1827.95 540 960 0.0451511
1389 SIMPLE_RADIAL 1080 1920 1575.91 540 960 -0.0215609
1391 SIMPLE_RADIAL 1080 1920 1524.83 540 960 0.0148347
1392 SIMPLE_RADIAL 1080 1920 1846.51 540 960 0.0404964
1393 SIMPLE_RADIAL 1080 1920 1579.6 540 960 -0.0234828
1395 SIMPLE_RADIAL 1080 1920 1533.82 540 960 0.0176959
1396 SIMPLE_RADIAL 1080 1920 1860.59 540 960 0.0415771
1397 SIMPLE_RADIAL 1080 1920 1552.67 540 960 0.0015231
1399 SIMPLE_RADIAL 1080 1920 1530.66 540 960 0.0171595
1400 SIMPLE_RADIAL 1080 1920 1874.39 540 960 0.0547363
1401 SIMPLE_RADIAL 1080 1920 1536.28 540 960 0.00650422
1403 SIMPLE_RADIAL 1080 1920 1531.02 540 960 0.0128846
1404 SIMPLE_RADIAL 1080 1920 1889.43 540 960 0.0672375
1405 SIMPLE_RADIAL 1080 1920 1532.05 540 960 0.00579124
1407 SIMPLE_RADIAL 1080 1920 1529.64 540 960 0.0131234
1408 SIMPLE_RADIAL 1080 1920 1918.1 540 960 0.0761434
1409 SIMPLE_RADIAL 1080 1920 1542.42 540 960 0.0065716
1411 SIMPLE_RADIAL 1080 1920 1523.86 540 960 0.0131359
1412 SIMPLE_RADIAL 1080 1920 1935.81 540 960 0.074008
1413 SIMPLE_RADIAL 1080 1920 1544.18 540 960 -0.00949588
1415 SIMPLE_RADIAL 1080 1920 1524.47 540 960 0.0133953
1416 SIMPLE_RADIAL 1080 1920 1923.39 540 960 0.0483693
1417 SIMPLE_RADIAL 1080 1920 1542.73 540 960 -0.00884778
1419 SIMPLE_RADIAL 1080 1920 1526.01 540 960 0.0111393
1420 SIMPLE_RADIAL 1080 1920 1911.74 540 960 0.0737074
1421 SIMPLE_RADIAL 1080 1920 1545.88 540 960 -0.00525518
1423 SIMPLE_RADIAL 1080 1920 1527.24 540 960 0.0149588
1424 SIMPLE_RADIAL 1080 1920 1893.28 540 960 0.06668
1425 SIMPLE_RADIAL 1080 1920 1556.87 540 960 0.000275363
1427 SIMPLE_RADIAL 1080 1920 1527.52 540 960 0.0147055
1428 SIMPLE_RADIAL 1080 1920 1891.15 540 960 0.0567742
1429 SIMPLE_RADIAL 1080 1920 1542.86 540 960 0.0108162
1431 SIMPLE_RADIAL 1080 1920 1527.27 540 960 0.016416
1432 SIMPLE_RADIAL 1080 1920 1912.9 540 960 0.0598247
1433 SIMPLE_RADIAL 1080 1920 1580.52 540 960 -0.00750642
1435 SIMPLE_RADIAL 1080 1920 1529.53 540 960 0.0163396
1436 SIMPLE_RADIAL 1080 1920 1928.85 540 960 0.0727449
1437 SIMPLE_RADIAL 1080 1920 1569.39 540 960 -0.00938189
1439 SIMPLE_RADIAL 1080 1920 1528.71 540 960 0.0170749
1440 SIMPLE_RADIAL 1080 1920 1882.11 540 960 0.0439747
1441 SIMPLE_RADIAL 1080 1920 1563.89 540 960 -0.0156817
1443 SIMPLE_RADIAL 1080 1920 1528.82 540 960 0.0184611
1444 SIMPLE_RADIAL 1080 1920 1946.67 540 960 0.0553887
1445 SIMPLE_RADIAL 1080 1920 1567.49 540 960 -0.00337222
1447 SIMPLE_RADIAL 1080 1920 1526.27 540 960 0.0178397
1448 SIMPLE_RADIAL 1080 1920 1950.59 540 960 0.0523078
1449 SIMPLE_RADIAL 1080 1920 1568.11 540 960 -0.00480718
1451 SIMPLE_RADIAL 1080 1920 1527.96 540 960 0.0187072
1452 SIMPLE_RADIAL 1080 1920 1968.57 540 960 0.0535546
1453 SIMPLE_RADIAL 1080 1920 1552.74 540 960 0.0249293
1455 SIMPLE_RADIAL 1080 1920 1534.09 540 960 0.0186159
1456 SIMPLE_RADIAL 1080 1920 1972.04 540 960 0.0550761
1457 SIMPLE_RADIAL 1080 1920 1543.41 540 960 0.0280766
1459 SIMPLE_RADIAL 1080 1920 1540.11 540 960 0.0119144
1460 SIMPLE_RADIAL 1080 1920 1979.49 540 960 0.0635611
1461 SIMPLE_RADIAL 1080 1920 1535.28 540 960 0.0294285
1463 SIMPLE_RADIAL 1080 1920 1536.12 540 960 0.0246032
1464 SIMPLE_RADIAL 1080 1920 2011.15 540 960 0.0839644
1465 SIMPLE_RADIAL 1080 1920 1525.93 540 960 0.024497
1467 SIMPLE_RADIAL 1080 1920 1521.81 540 960 0.0300885
1468 SIMPLE_RADIAL 1080 1920 2009.2 540 960 0.0832315
1469 SIMPLE_RADIAL 1080 1920 1534.94 540 960 0.0240025
1471 SIMPLE_RADIAL 1080 1920 1528.28 540 960 0.029257
1472 SIMPLE_RADIAL 1080 1920 2030.75 540 960 0.0951968
1473 SIMPLE_RADIAL 1080 1920 1532.89 540 960 0.0204312
1475 SIMPLE_RADIAL 1080 1920 1534.95 540 960 0.0303225
1476 SIMPLE_RADIAL 1080 1920 1992.26 540 960 0.0699533
1477 SIMPLE_RADIAL 1080 1920 1519.77 540 960 0.0282526
1479 SIMPLE_RADIAL 1080 1920 1533.53 540 960 0.0366556
1480 SIMPLE_RADIAL 1080 1920 2028.9 540 960 0.0918459
1481 SIMPLE_RADIAL 1080 1920 1519.74 540 960 0.0210301
1483 SIMPLE_RADIAL 1080 1920 1534.37 540 960 0.023625
1484 SIMPLE_RADIAL 1080 1920 2024.08 540 960 0.090716
1485 SIMPLE_RADIAL 1080 1920 1524.37 540 960 0.0188447
1487 SIMPLE_RADIAL 1080 1920 1540.04 540 960 0.00797512
1488 SIMPLE_RADIAL 1080 1920 2020.09 540 960 0.0855207
1489 SIMPLE_RADIAL 1080 1920 1520.35 540 960 0.0174182
1491 SIMPLE_RADIAL 1080 1920 1505.3 540 960 0.00915619
1492 SIMPLE_RADIAL 1080 1920 2017.96 540 960 0.0903451
1493 SIMPLE_RADIAL 1080 1920 1526.1 540 960 0.0212773
1495 SIMPLE_RADIAL 1080 1920 1534.48 540 960 -0.0128108
1497 SIMPLE_RADIAL 1080 1920 1542.43 540 960 0.0251539
1501 SIMPLE_RADIAL 1080 1920 1525.97 540 960 0.016761
